1.00E+05
1.25E+05
1.50E+05
1.75E+05
2.00E+05
2.24E+05
2.49E+05
2.74E+05
2.99E+05
3.24E+05
3.49E+05
3.74E+05
3.99E+05
4.23E+05
4.48E+05
4.73E+05
4.98E+05
5.23E+05
5.48E+05
5.73E+05
5.98E+05
6.22E+05
6.47E+05
6.72E+05
6.97E+05
7.22E+05
7.47E+05
7.72E+05
7.97E+05
8.21E+05
8.46E+05
8.71E+05
8.96E+05
9.21E+05
9.46E+05
9.71E+05
9.96E+05
1.02E+06
1.05E+06
1.07E+06
1.10E+06
1.12E+06
1.14E+06
1.17E+06
1.19E+06
1.22E+06
1.24E+06
1.27E+06
1.29E+06
1.32E+06
1.34E+06
1.37E+06
1.39E+06
1.42E+06
1.44E+06
1.47E+06
1.49E+06
1.52E+06
1.54E+06
1.57E+06
1.59E+06
1.62E+06
1.64E+06
1.67E+06
1.69E+06
1.72E+06
1.74E+06
1.77E+06
1.79E+06
1.82E+06
1.84E+06
1.87E+06
1.89E+06
1.92E+06
1.94E+06
1.97E+06
1.99E+06
2.02E+06
2.04E+06
2.07E+06
2.09E+06
2.11E+06
2.14E+06
2.16E+06
2.19E+06
2.21E+06
2.24E+06
2.26E+06
2.29E+06
2.31E+06
2.34E+06
2.36E+06
2.39E+06
2.41E+06
2.44E+06
2.46E+06
2.49E+06
2.51E+06
2.54E+06
2.56E+06
2.59E+06
2.61E+06
2.64E+06
2.66E+06
2.69E+06
2.71E+06
2.74E+06
2.76E+06
2.79E+06
2.81E+06
2.84E+06
2.86E+06
2.89E+06
2.91E+06
2.94E+06
2.96E+06
2.99E+06
3.01E+06
3.04E+06
3.06E+06
3.09E+06
3.11E+06
3.13E+06
3.16E+06
3.18E+06
3.21E+06
3.23E+06
3.26E+06
3.28E+06
3.31E+06
3.33E+06
3.36E+06
3.38E+06
3.41E+06
3.43E+06
3.46E+06
3.48E+06
3.51E+06
3.53E+06
3.56E+06
3.58E+06
3.61E+06
3.63E+06
3.66E+06
3.68E+06
3.71E+06
3.73E+06
3.76E+06
3.78E+06
3.81E+06
3.83E+06
3.86E+06
3.88E+06
3.91E+06
3.93E+06
3.96E+06
3.98E+06
4.01E+06
4.03E+06
4.06E+06
4.08E+06
4.10E+06
4.13E+06
4.15E+06
4.18E+06
4.20E+06
4.23E+06
4.25E+06
4.28E+06
4.30E+06
4.33E+06
4.35E+06
4.38E+06
4.40E+06
4.43E+06
4.45E+06
4.48E+06
4.50E+06
4.53E+06
4.55E+06
4.58E+06
4.60E+06
4.63E+06
4.65E+06
4.68E+06
4.70E+06
4.73E+06
4.75E+06
4.78E+06
4.80E+06
4.83E+06
4.85E+06
4.88E+06
4.90E+06
4.93E+06
4.95E+06
4.98E+06
5.00E+06
5.03E+06
5.05E+06
5.08E+06
5.10E+06
5.12E+06
5.15E+06
5.17E+06
5.20E+06
5.22E+06
5.25E+06
5.27E+06
5.30E+06
5.32E+06
5.35E+06
5.37E+06
5.40E+06
5.42E+06
5.45E+06
5.47E+06
5.50E+06
5.52E+06
5.55E+06
5.57E+06
5.60E+06
5.62E+06
5.65E+06
5.67E+06
5.70E+06
5.72E+06
5.75E+06
5.77E+06
5.80E+06
5.82E+06
5.85E+06
5.87E+06
5.90E+06
5.92E+06
5.95E+06
5.97E+06
6.00E+06
6.02E+06
6.05E+06
6.07E+06
6.09E+06
6.12E+06
6.14E+06
6.17E+06
6.19E+06
6.22E+06
6.24E+06
6.27E+06
6.29E+06
6.32E+06
6.34E+06
6.37E+06
6.39E+06
6.42E+06
6.44E+06
6.47E+06
6.49E+06
6.52E+06
6.54E+06
6.57E+06
6.59E+06
6.62E+06
6.64E+06
6.67E+06
6.69E+06
6.72E+06
6.74E+06
6.77E+06
6.79E+06
6.82E+06
6.84E+06
6.87E+06
6.89E+06
6.92E+06
6.94E+06
6.97E+06
6.99E+06
7.02E+06
7.04E+06
7.07E+06
7.09E+06
7.11E+06
7.14E+06
7.16E+06
7.19E+06
7.21E+06
7.24E+06
7.26E+06
7.29E+06
7.31E+06
7.34E+06
7.36E+06
7.39E+06
7.41E+06
7.44E+06
7.46E+06
7.49E+06
7.51E+06
7.54E+06
7.56E+06
7.59E+06
7.61E+06
7.64E+06
7.66E+06
7.69E+06
7.71E+06
7.74E+06
7.76E+06
7.79E+06
7.81E+06
7.84E+06
7.86E+06
7.89E+06
7.91E+06
7.94E+06
7.96E+06
7.99E+06
8.01E+06
8.04E+06
8.06E+06
8.08E+06
8.11E+06
8.13E+06
8.16E+06
8.18E+06
8.21E+06
8.23E+06
8.26E+06
8.28E+06
8.31E+06
8.33E+06
8.36E+06
8.38E+06
8.41E+06
8.43E+06
8.46E+06
8.48E+06
8.51E+06
8.53E+06
8.56E+06
8.58E+06
8.61E+06
8.63E+06
8.66E+06
8.68E+06
8.71E+06
8.73E+06
8.76E+06
8.78E+06
8.81E+06
8.83E+06
8.86E+06
8.88E+06
8.91E+06
8.93E+06
8.96E+06
8.98E+06
9.01E+06
9.03E+06
9.06E+06
9.08E+06
9.10E+06
9.13E+06
9.15E+06
9.18E+06
9.20E+06
9.23E+06
9.25E+06
9.28E+06
9.30E+06
9.33E+06
9.35E+06
9.38E+06
9.40E+06
9.43E+06
9.45E+06
9.48E+06
9.50E+06
9.53E+06
9.55E+06
9.58E+06
9.60E+06
9.63E+06
9.65E+06
9.68E+06
9.70E+06
9.73E+06
9.75E+06
9.78E+06
9.80E+06
9.83E+06
9.85E+06
9.88E+06
9.90E+06
9.93E+06
9.95E+06
9.98E+06
1.00E+07
1.00E+07
1.01E+07
1.01E+07
1.01E+07
1.01E+07
1.01E+07
1.02E+07
1.02E+07
1.02E+07
1.02E+07
1.03E+07
1.03E+07
1.03E+07
1.03E+07
1.04E+07
1.04E+07
1.04E+07
1.04E+07
1.05E+07
1.05E+07
1.05E+07
1.05E+07
1.06E+07
1.06E+07
1.06E+07
1.06E+07
1.07E+07
1.07E+07
1.07E+07
1.07E+07
1.08E+07
1.08E+07
1.08E+07
1.08E+07
1.09E+07
1.09E+07
1.09E+07
1.09E+07
1.10E+07
1.10E+07
1.10E+07
1.10E+07
1.11E+07
1.11E+07
1.11E+07
1.11E+07
1.12E+07
1.12E+07
1.12E+07
1.12E+07
1.13E+07
1.13E+07
1.13E+07
1.13E+07
1.14E+07
1.14E+07
1.14E+07
1.14E+07
1.15E+07
1.15E+07
1.15E+07
1.15E+07
1.16E+07
1.16E+07
1.16E+07
1.16E+07
1.17E+07
1.17E+07
1.17E+07
1.17E+07
1.18E+07
1.18E+07
1.18E+07
1.18E+07
1.19E+07
1.19E+07
1.19E+07
1.19E+07
1.20E+07
1.20E+07
1.20E+07
1.20E+07
1.21E+07
1.21E+07
1.21E+07
1.21E+07
1.22E+07
1.22E+07
1.22E+07
1.22E+07
1.23E+07
1.23E+07
1.23E+07
1.23E+07
1.24E+07
1.24E+07
1.24E+07
1.24E+07
1.25E+07
1.25E+07
1.25E+07
1.25E+07
1.26E+07
1.26E+07
1.26E+07
1.26E+07
1.27E+07
1.27E+07
1.27E+07
1.27E+07
1.28E+07
1.28E+07
1.28E+07
1.28E+07
1.29E+07
1.29E+07
1.29E+07
1.29E+07
1.30E+07
1.30E+07
1.30E+07
1.30E+07
1.31E+07
1.31E+07
1.31E+07
1.31E+07
1.32E+07
1.32E+07
1.32E+07
1.32E+07
1.33E+07
1.33E+07
1.33E+07
1.33E+07
1.34E+07
1.34E+07
1.34E+07
1.34E+07
1.35E+07
1.35E+07
1.35E+07
1.35E+07
1.36E+07
1.36E+07
1.36E+07
1.36E+07
1.37E+07
1.37E+07
1.37E+07
1.37E+07
1.38E+07
1.38E+07
1.38E+07
1.38E+07
1.39E+07
1.39E+07
1.39E+07
1.39E+07
1.40E+07
1.40E+07
1.40E+07
1.40E+07
1.41E+07
1.41E+07
1.41E+07
1.41E+07
1.42E+07
1.42E+07
1.42E+07
1.42E+07
1.43E+07
1.43E+07
1.43E+07
1.43E+07
1.44E+07
1.44E+07
1.44E+07
1.44E+07
1.45E+07
1.45E+07
1.45E+07
1.45E+07
1.46E+07
1.46E+07
1.46E+07
1.46E+07
1.47E+07
1.47E+07
1.47E+07
1.47E+07
1.48E+07
1.48E+07
1.48E+07
1.48E+07
1.49E+07
1.49E+07
1.49E+07
1.49E+07
1.50E+07
1.50E+07
1.50E+07
1.50E+07
1.50E+07
1.51E+07
1.51E+07
1.51E+07
1.51E+07
1.52E+07
1.52E+07
1.52E+07
1.52E+07
1.53E+07
1.53E+07
1.53E+07
1.53E+07
1.54E+07
1.54E+07
1.54E+07
1.54E+07
1.55E+07
1.55E+07
1.55E+07
1.55E+07
1.56E+07
1.56E+07
1.56E+07
1.56E+07
1.57E+07
1.57E+07
1.57E+07
1.57E+07
1.58E+07
1.58E+07
1.58E+07
1.58E+07
1.59E+07
1.59E+07
1.59E+07
1.59E+07
1.60E+07
1.60E+07
1.60E+07
1.60E+07
1.61E+07
1.61E+07
1.61E+07
1.61E+07
1.62E+07
1.62E+07
1.62E+07
1.62E+07
1.63E+07
1.63E+07
1.63E+07
1.63E+07
1.64E+07
1.64E+07
1.64E+07
1.64E+07
1.65E+07
1.65E+07
1.65E+07
1.65E+07
1.66E+07
1.66E+07
1.66E+07
1.66E+07
1.67E+07
1.67E+07
1.67E+07
1.67E+07
1.68E+07
1.68E+07
1.68E+07
1.68E+07
1.69E+07
1.69E+07
1.69E+07
1.69E+07
1.70E+07
1.70E+07
1.70E+07
1.70E+07
1.71E+07
1.71E+07
1.71E+07
1.71E+07
1.72E+07
1.72E+07
1.72E+07
1.72E+07
1.73E+07
1.73E+07
1.73E+07
1.73E+07
1.74E+07
1.74E+07
1.74E+07
1.74E+07
1.75E+07
1.75E+07
1.75E+07
1.75E+07
1.76E+07
1.76E+07
1.76E+07
1.76E+07
1.77E+07
1.77E+07
1.77E+07
1.77E+07
1.78E+07
1.78E+07
1.78E+07
1.78E+07
1.79E+07
1.79E+07
1.79E+07
1.79E+07
1.80E+07
1.80E+07
1.80E+07
1.80E+07
1.81E+07
1.81E+07
1.81E+07
1.81E+07
1.82E+07
1.82E+07
1.82E+07
1.82E+07
1.83E+07
1.83E+07
1.83E+07
1.83E+07
1.84E+07
1.84E+07
1.84E+07
1.84E+07
1.85E+07
1.85E+07
1.85E+07
1.85E+07
1.86E+07
1.86E+07
1.86E+07
1.86E+07
1.87E+07
1.87E+07
1.87E+07
1.87E+07
1.88E+07
1.88E+07
1.88E+07
1.88E+07
1.89E+07
1.89E+07
1.89E+07
1.89E+07
1.90E+07
1.90E+07
1.90E+07
1.90E+07
1.91E+07
1.91E+07
1.91E+07
1.91E+07
1.92E+07
1.92E+07
1.92E+07
1.92E+07
1.93E+07
1.93E+07
1.93E+07
1.93E+07
1.94E+07
1.94E+07
1.94E+07
1.94E+07
1.95E+07
1.95E+07
1.95E+07
1.95E+07
1.96E+07
1.96E+07
1.96E+07
1.96E+07
1.97E+07
1.97E+07
1.97E+07
1.97E+07
1.98E+07
1.98E+07
1.98E+07
1.98E+07
1.99E+07
1.99E+07
1.99E+07
1.99E+07
2.00E+07
2.00E+07
2.00E+07
