1.00E+05
1.01E+05
1.02E+05
1.04E+05
1.05E+05
1.06E+05
1.07E+05
1.08E+05
1.10E+05
1.11E+05
1.12E+05
1.14E+05
1.15E+05
1.16E+05
1.17E+05
1.19E+05
1.20E+05
1.22E+05
1.23E+05
1.24E+05
1.26E+05
1.27E+05
1.29E+05
1.30E+05
1.32E+05
1.33E+05
1.35E+05
1.36E+05
1.38E+05
1.40E+05
1.41E+05
1.43E+05
1.45E+05
1.46E+05
1.48E+05
1.50E+05
1.51E+05
1.53E+05
1.55E+05
1.57E+05
1.58E+05
1.60E+05
1.62E+05
1.64E+05
1.66E+05
1.68E+05
1.70E+05
1.72E+05
1.74E+05
1.76E+05
1.78E+05
1.80E+05
1.82E+05
1.84E+05
1.86E+05
1.88E+05
1.91E+05
1.93E+05
1.95E+05
1.97E+05
2.00E+05
2.02E+05
2.04E+05
2.07E+05
2.09E+05
2.11E+05
2.14E+05
2.16E+05
2.19E+05
2.21E+05
2.24E+05
2.26E+05
2.29E+05
2.32E+05
2.34E+05
2.37E+05
2.40E+05
2.43E+05
2.45E+05
2.48E+05
2.51E+05
2.54E+05
2.57E+05
2.60E+05
2.63E+05
2.66E+05
2.69E+05
2.72E+05
2.75E+05
2.79E+05
2.82E+05
2.85E+05
2.88E+05
2.92E+05
2.95E+05
2.99E+05
3.02E+05
3.05E+05
3.09E+05
3.13E+05
3.16E+05
3.20E+05
3.24E+05
3.27E+05
3.31E+05
3.35E+05
3.39E+05
3.43E+05
3.47E+05
3.51E+05
3.55E+05
3.59E+05
3.63E+05
3.67E+05
3.72E+05
3.76E+05
3.80E+05
3.85E+05
3.89E+05
3.94E+05
3.98E+05
4.03E+05
4.07E+05
4.12E+05
4.17E+05
4.22E+05
4.27E+05
4.32E+05
4.37E+05
4.42E+05
4.47E+05
4.52E+05
4.57E+05
4.62E+05
4.68E+05
4.73E+05
4.79E+05
4.84E+05
4.90E+05
4.95E+05
5.01E+05
5.07E+05
5.13E+05
5.19E+05
5.25E+05
5.31E+05
5.37E+05
5.43E+05
5.50E+05
5.56E+05
5.62E+05
5.69E+05
5.75E+05
5.82E+05
5.89E+05
5.96E+05
6.03E+05
6.10E+05
6.17E+05
6.24E+05
6.31E+05
6.38E+05
6.46E+05
6.53E+05
6.61E+05
6.68E+05
6.76E+05
6.84E+05
6.92E+05
7.00E+05
7.08E+05
7.16E+05
7.24E+05
7.33E+05
7.41E+05
7.50E+05
7.59E+05
7.67E+05
7.76E+05
7.85E+05
7.94E+05
8.04E+05
8.13E+05
8.22E+05
8.32E+05
8.41E+05
8.51E+05
8.61E+05
8.71E+05
8.81E+05
8.91E+05
9.02E+05
9.12E+05
9.23E+05
9.33E+05
9.44E+05
9.55E+05
9.66E+05
9.77E+05
9.89E+05
1.00E+06
1.01E+06
1.02E+06
1.04E+06
1.05E+06
1.06E+06
1.07E+06
1.08E+06
1.10E+06
1.11E+06
1.12E+06
1.14E+06
1.15E+06
1.16E+06
1.17E+06
1.19E+06
1.20E+06
1.22E+06
1.23E+06
1.24E+06
1.26E+06
1.27E+06
1.29E+06
1.30E+06
1.32E+06
1.33E+06
1.35E+06
1.36E+06
1.38E+06
1.40E+06
1.41E+06
1.43E+06
1.45E+06
1.46E+06
1.48E+06
1.50E+06
1.51E+06
1.53E+06
1.55E+06
1.57E+06
1.58E+06
1.60E+06
1.62E+06
1.64E+06
1.66E+06
1.68E+06
1.70E+06
1.72E+06
1.74E+06
1.76E+06
1.78E+06
1.80E+06
1.82E+06
1.84E+06
1.86E+06
1.88E+06
1.91E+06
1.93E+06
1.95E+06
1.97E+06
2.00E+06
2.02E+06
2.04E+06
2.07E+06
2.09E+06
2.11E+06
2.14E+06
2.16E+06
2.19E+06
2.21E+06
2.24E+06
2.26E+06
2.29E+06
2.32E+06
2.34E+06
2.37E+06
2.40E+06
2.43E+06
2.45E+06
2.48E+06
2.51E+06
2.54E+06
2.57E+06
2.60E+06
2.63E+06
2.66E+06
2.69E+06
2.72E+06
2.75E+06
2.79E+06
2.82E+06
2.85E+06
2.88E+06
2.92E+06
2.95E+06
2.99E+06
3.02E+06
3.05E+06
3.09E+06
3.13E+06
3.16E+06
3.20E+06
3.24E+06
3.27E+06
3.31E+06
3.35E+06
3.39E+06
3.43E+06
3.47E+06
3.51E+06
3.55E+06
3.59E+06
3.63E+06
3.67E+06
3.72E+06
3.76E+06
3.80E+06
3.85E+06
3.89E+06
3.94E+06
3.98E+06
4.03E+06
4.07E+06
4.12E+06
4.17E+06
4.22E+06
4.27E+06
4.32E+06
4.37E+06
4.42E+06
4.47E+06
4.52E+06
4.57E+06
4.62E+06
4.68E+06
4.73E+06
4.79E+06
4.84E+06
4.90E+06
4.95E+06
5.01E+06
5.07E+06
5.13E+06
5.19E+06
5.25E+06
5.31E+06
5.37E+06
5.43E+06
5.50E+06
5.56E+06
5.62E+06
5.69E+06
5.75E+06
5.82E+06
5.89E+06
5.96E+06
6.03E+06
6.10E+06
6.17E+06
6.24E+06
6.31E+06
6.38E+06
6.46E+06
6.53E+06
6.61E+06
6.68E+06
6.76E+06
6.84E+06
6.92E+06
7.00E+06
7.08E+06
7.16E+06
7.24E+06
7.33E+06
7.41E+06
7.50E+06
7.59E+06
7.67E+06
7.76E+06
7.85E+06
7.94E+06
8.04E+06
8.13E+06
8.22E+06
8.32E+06
8.41E+06
8.51E+06
8.61E+06
8.71E+06
8.81E+06
8.91E+06
9.02E+06
9.12E+06
9.23E+06
9.33E+06
9.44E+06
9.55E+06
9.66E+06
9.77E+06
9.89E+06
1.00E+07
1.01E+07
1.02E+07
1.04E+07
1.05E+07
1.06E+07
1.07E+07
1.08E+07
1.10E+07
1.11E+07
1.12E+07
1.14E+07
1.15E+07
1.16E+07
1.17E+07
1.19E+07
1.20E+07
1.22E+07
1.23E+07
1.24E+07
1.26E+07
1.27E+07
1.29E+07
1.30E+07
1.32E+07
1.33E+07
1.35E+07
1.36E+07
1.38E+07
1.40E+07
1.41E+07
1.43E+07
1.45E+07
1.46E+07
1.48E+07
1.50E+07
1.51E+07
1.53E+07
1.55E+07
1.57E+07
1.58E+07
1.60E+07
1.62E+07
1.64E+07
1.66E+07
1.68E+07
1.70E+07
1.72E+07
1.74E+07
1.76E+07
1.78E+07
1.80E+07
1.82E+07
1.84E+07
1.86E+07
1.88E+07
1.91E+07
1.93E+07
1.95E+07
1.97E+07
2.00E+07
2.02E+07
2.04E+07
2.07E+07
2.09E+07
2.11E+07
2.14E+07
2.16E+07
2.19E+07
2.21E+07
2.24E+07
2.26E+07
2.29E+07
2.32E+07
2.34E+07
2.37E+07
2.40E+07
2.43E+07
2.45E+07
2.48E+07
2.51E+07
2.54E+07
2.57E+07
2.60E+07
2.63E+07
2.66E+07
2.69E+07
2.72E+07
2.75E+07
2.79E+07
2.82E+07
2.85E+07
2.88E+07
2.92E+07
2.95E+07
2.99E+07
3.02E+07
3.05E+07
3.09E+07
3.13E+07
3.16E+07
3.20E+07
3.24E+07
3.27E+07
3.31E+07
3.35E+07
3.39E+07
3.43E+07
3.47E+07
3.51E+07
3.55E+07
3.59E+07
3.63E+07
3.67E+07
3.72E+07
3.76E+07
3.80E+07
3.85E+07
3.89E+07
3.94E+07
3.98E+07
4.03E+07
4.07E+07
4.12E+07
4.17E+07
4.22E+07
4.27E+07
4.32E+07
4.37E+07
4.42E+07
4.47E+07
4.52E+07
4.57E+07
4.62E+07
4.68E+07
4.73E+07
4.79E+07
4.84E+07
4.90E+07
4.95E+07
5.01E+07
5.07E+07
5.13E+07
5.19E+07
5.25E+07
5.31E+07
5.37E+07
5.43E+07
5.50E+07
5.56E+07
5.62E+07
5.69E+07
5.75E+07
5.82E+07
5.89E+07
5.96E+07
6.03E+07
6.10E+07
6.17E+07
6.24E+07
6.31E+07
6.38E+07
6.46E+07
6.53E+07
6.61E+07
6.68E+07
6.76E+07
6.84E+07
6.92E+07
7.00E+07
7.08E+07
7.16E+07
7.24E+07
7.33E+07
7.41E+07
7.50E+07
7.59E+07
7.67E+07
7.76E+07
7.85E+07
7.94E+07
8.04E+07
8.13E+07
8.22E+07
8.32E+07
8.41E+07
8.51E+07
8.61E+07
8.71E+07
8.81E+07
8.91E+07
9.02E+07
9.12E+07
9.23E+07
9.33E+07
9.44E+07
9.55E+07
9.66E+07
9.77E+07
9.89E+07
1.00E+08
1.01E+08
1.02E+08
1.04E+08
1.05E+08
1.06E+08
1.07E+08
1.08E+08
1.10E+08
1.11E+08
1.12E+08
1.14E+08
1.15E+08
1.16E+08
1.17E+08
1.19E+08
1.20E+08
1.22E+08
1.23E+08
1.24E+08
1.26E+08
1.27E+08
1.29E+08
1.30E+08
1.32E+08
1.33E+08
1.35E+08
1.36E+08
1.38E+08
1.40E+08
1.41E+08
1.43E+08
1.45E+08
1.46E+08
1.48E+08
1.50E+08
1.51E+08
1.53E+08
1.55E+08
1.57E+08
1.58E+08
1.60E+08
1.62E+08
1.64E+08
1.66E+08
1.68E+08
1.70E+08
1.72E+08
1.74E+08
1.76E+08
1.78E+08
1.80E+08
1.82E+08
1.84E+08
1.86E+08
1.88E+08
1.91E+08
1.93E+08
1.95E+08
1.97E+08
2.00E+08
2.02E+08
2.04E+08
2.07E+08
2.09E+08
2.11E+08
2.14E+08
2.16E+08
2.19E+08
2.21E+08
2.24E+08
2.26E+08
2.29E+08
2.32E+08
2.34E+08
2.37E+08
2.40E+08
2.43E+08
2.45E+08
2.48E+08
2.51E+08
2.54E+08
2.57E+08
2.60E+08
2.63E+08
2.66E+08
2.69E+08
2.72E+08
2.75E+08
2.79E+08
2.82E+08
2.85E+08
2.88E+08
2.92E+08
2.95E+08
2.99E+08
3.02E+08
3.05E+08
3.09E+08
3.13E+08
3.16E+08
3.20E+08
3.24E+08
3.27E+08
3.31E+08
3.35E+08
3.39E+08
3.43E+08
3.47E+08
3.51E+08
3.55E+08
3.59E+08
3.63E+08
3.67E+08
3.72E+08
3.76E+08
3.80E+08
3.85E+08
3.89E+08
3.94E+08
3.98E+08
4.03E+08
4.07E+08
4.12E+08
4.17E+08
4.22E+08
4.27E+08
4.32E+08
4.37E+08
4.42E+08
4.47E+08
4.52E+08
4.57E+08
4.62E+08
4.68E+08
4.73E+08
4.79E+08
4.84E+08
4.90E+08
4.95E+08
5.01E+08
5.07E+08
5.13E+08
5.19E+08
5.25E+08
5.31E+08
5.37E+08
5.43E+08
5.50E+08
5.56E+08
5.62E+08
5.69E+08
5.75E+08
5.82E+08
5.89E+08
5.96E+08
6.03E+08
6.10E+08
6.17E+08
6.24E+08
6.31E+08
6.38E+08
6.46E+08
6.53E+08
6.61E+08
6.68E+08
6.76E+08
6.84E+08
6.92E+08
7.00E+08
7.08E+08
7.16E+08
7.24E+08
7.33E+08
7.41E+08
7.50E+08
7.59E+08
7.67E+08
7.76E+08
7.85E+08
7.94E+08
8.04E+08
8.13E+08
8.22E+08
8.32E+08
8.41E+08
8.51E+08
8.61E+08
8.71E+08
8.81E+08
8.91E+08
9.02E+08
9.12E+08
9.23E+08
9.33E+08
9.44E+08
9.55E+08
9.66E+08
9.77E+08
9.89E+08
1.00E+09
