 1.000000000000000E5    -4.980548239529080E-1   5.725096655468346  -1.890720303177124E1  -5.788049643955245E1  -1.886633221854013E1  -5.777626857624011E1  -5.097915061160449E-1   5.735127289366956  
 1.011579454259899E5    -5.054371707330662E-1   5.747627184029296  -1.897507609749860E1  -5.758915564083563E1  -1.895929813227647E1  -5.751418114372096E1  -5.147733128052255E-1   5.724599023375956  
 1.023292992280754E5    -5.025242545735309E-1   5.612114494269811  -1.904646850020262E1  -5.765586007266231E1  -1.905504897582216E1  -5.738826007109068E1  -5.060033231077920E-1   5.616274647915882  
 1.035142166679344E5    -5.044760162232935E-1   5.624958932518933  -1.912361395504211E1  -5.745438919985629E1  -1.910619055467888E1  -5.724509486360957E1  -5.078636986333216E-1   5.577277546329219  
 1.047128548050900E5    -5.016816211169743E-1   5.571373169164188  -1.918929503297922E1  -5.722920467557209E1  -1.918081431949310E1  -5.711743778201439E1  -5.042904202851960E-1   5.508048860658943  
 1.059253725177289E5    -5.048401890538952E-1   5.544754905547918  -1.928894804064771E1  -5.702444500674655E1  -1.924963565144539E1  -5.696645237817754E1  -5.051444652738972E-1   5.457538851754824  
 1.071519305237607E5    -4.964925082389879E-1   5.466877710265312  -1.930710604468632E1  -5.674285406501535E1  -1.933436525341812E1  -5.664656019312611E1  -5.073472079438807E-1   5.430879404903665  
 1.083926914021204E5    -4.929009633937183E-1   5.383396723196499  -1.941474460163173E1  -5.663402379368808E1  -1.938628463542215E1  -5.648774218429848E1  -5.063342220839934E-1   5.374299526121092  
 1.096478196143186E5    -4.933837438071837E-1   5.322831513610727  -1.947706990877348E1  -5.655514006094276E1  -1.947687437328150E1  -5.636845927128497E1  -5.074634805924967E-1   5.304126279389719  
 1.109174815262402E5    -4.938302742798857E-1   5.276676660881565  -1.952738479736260E1  -5.631225240667336E1  -1.951406249999380E1  -5.609976504966046E1  -5.043063270700503E-1   5.278322941424456  
 1.122018454301964E5    -4.902617278423355E-1   5.229656640191148  -1.960103348207642E1  -5.612221785879256E1  -1.958434580393061E1  -5.596097294464970E1  -4.882643950243095E-1   5.225630659377508  
 1.135010815672316E5    -4.881751898982788E-1   5.141470147701227  -1.966587586587350E1  -5.607193494180715E1  -1.964864835078562E1  -5.579386163179151E1  -4.937402448409768E-1   5.155586239361440  
 1.148153621496884E5    -4.860243597996562E-1   5.093573369333430  -1.974185533620202E1  -5.588443484402867E1  -1.972915228365140E1  -5.558424526965133E1  -5.010010228480231E-1   5.121921102039813  
 1.161448613840344E5    -4.925242771607415E-1   5.091644310046691  -1.980273927302346E1  -5.557292034317724E1  -1.979902085582744E1  -5.546914255431734E1  -4.958454663123479E-1   5.044643942056717  
 1.174897554939531E5    -4.775159985168740E-1   5.017629753071312  -1.985085933624646E1  -5.541766100225205E1  -1.986421516295492E1  -5.534448786145160E1  -4.825556241889976E-1   5.037708061905889  
 1.188502227437020E5    -4.829938130221803E-1   4.971467640187656  -1.995652780110279E1  -5.524061957854737E1  -1.992139628590214E1  -5.509744084905827E1  -4.867228384149836E-1   4.942033667092788  
 1.202264434617414E5    -4.803057348794195E-1   4.935880731680985  -1.998846882463623E1  -5.495341443133346E1  -1.999085680579242E1  -5.488224298060150E1  -4.879030112841934E-1   4.909716444529239  
 1.216186000646369E5    -4.813436262538042E-1   4.909980552505926  -2.006489849174773E1  -5.496645742838325E1  -2.005328762031037E1  -5.482736483762935E1  -4.851685582389707E-1   4.853601691541705  
 1.230268770812383E5    -4.761584996854811E-1   4.838202606207333  -2.013517145212999E1  -5.473693691888231E1  -2.011668866788695E1  -5.452612663054936E1  -4.864467580960545E-1   4.798122719454027  
 1.244514611771387E5    -4.865164650147170E-1   4.814337194470479  -2.020128570821342E1  -5.464140149916236E1  -2.018085289713847E1  -5.436353598431681E1  -4.771295159556002E-1   4.738748267527817  
 1.258925411794169E5    -4.802586376510754E-1   4.745889844935029  -2.025753030501479E1  -5.428049362377641E1  -2.024348677850291E1  -5.425847745481906E1  -4.737558911193814E-1   4.710160563919552  
 1.273503081016664E5    -4.669391260790294E-1   4.693619548792121  -2.031010258619750E1  -5.408315361596915E1  -2.029429203878160E1  -5.397866580294995E1  -4.778347401979805E-1   4.671760481671554  
 1.288249551693136E5    -4.664591667496842E-1   4.629844083485663  -2.038411198926908E1  -5.389340456244926E1  -2.036239175246910E1  -5.389389027094997E1  -4.832125820769195E-1   4.579586611988598  
 1.303166778452301E5    -4.732491851945316E-1   4.584177356567913  -2.046527372658584E1  -5.388930997311475E1  -2.043986815591432E1  -5.371770706049134E1  -4.822167239152442E-1   4.586939512395658  
 1.318256738556409E5    -4.758917980895350E-1   4.580859996616768  -2.051692000815308E1  -5.360507850010534E1  -2.048814042646830E1  -5.346438420742229E1  -4.758634677724404E-1   4.565641875522975  
 1.333521432163326E5    -4.682449777625785E-1   4.537475708889835  -2.055953330229914E1  -5.337984811513572E1  -2.054315404319086E1  -5.324805427197134E1  -4.666566890739938E-1   4.486537915960846  
 1.348962882591656E5    -4.644389922844408E-1   4.466995591559286  -2.063803706712277E1  -5.321030037355958E1  -2.061133800458194E1  -5.315533989883861E1  -4.716281659575758E-1   4.447982724126571  
 1.364583136588927E5    -4.714014443572722E-1   4.398075830902773  -2.068103465046172E1  -5.317260486651571E1  -2.067464732437014E1  -5.300712756326157E1  -4.702644692301628E-1   4.416986523141024  
 1.380384264602888E5    -4.683616947390164E-1   4.385737518629992  -2.076150255152146E1  -5.291055492034958E1  -2.073761988359886E1  -5.271454296059124E1  -4.690405018918658E-1   4.377309170705960  
 1.396368361055940E5    -4.622255333430008E-1   4.363553571596513  -2.080968569209883E1  -5.259849759281376E1  -2.080230130703635E1  -5.243334116599437E1  -4.660614156175702E-1   4.317547727715631  
 1.412537544622757E5    -4.654358551685616E-1   4.318216091432655  -2.087662788416133E1  -5.250855551633132E1  -2.085658553045411E1  -5.242053311190557E1  -4.672517442128639E-1   4.248118860443466  
 1.428893958511106E5    -4.617403982916148E-1   4.249352401278426  -2.091921331919155E1  -5.226783945566952E1  -2.092424674897082E1  -5.217273342387460E1  -4.640426333931625E-1   4.241249297455879  
 1.445439770745930E5    -4.573700371748437E-1   4.211462098924235  -2.100742942669502E1  -5.220769343336436E1  -2.098045203689799E1  -5.203520897546936E1  -4.650710082836855E-1   4.204909131860368  
 1.462177174456721E5    -4.626094413282114E-1   4.148444346739493  -2.106208811863434E1  -5.192670145496687E1  -2.103637905794314E1  -5.192095199114318E1  -4.562295121347345E-1   4.164912901516893  
 1.479108388168211E5    -4.517016325795764E-1   4.106378307070967  -2.110857890643740E1  -5.187079934789682E1  -2.108943819665992E1  -5.158842253913785E1  -4.605633960502412E-1   4.144444172998192  
 1.496235656094437E5    -4.574480762997967E-1   4.095428015510266  -2.116066740867998E1  -5.158210752407079E1  -2.114730333303077E1  -5.143899638097946E1  -4.600456063976127E-1   4.123216302440936  
 1.513561248436212E5    -4.540067018439107E-1   4.050761165114269  -2.122175254685330E1  -5.136026675634053E1  -2.120765443820753E1  -5.114664735272216E1  -4.635974774122250E-1   4.021433646358861  
 1.531087461682034E5    -4.500689338904615E-1   4.033731668287454  -2.128055725368352E1  -5.132973605384807E1  -2.125771396635462E1  -5.104823106367706E1  -4.648441946657552E-1   3.966700315618109  
 1.548816618912485E5    -4.484076821762302E-1   3.974223284507797  -2.134371294885951E1  -5.108724564192085E1  -2.132613404771503E1  -5.091054078787827E1  -4.602487948276032E-1   3.983051160658455  
 1.566751070108153E5    -4.511523013189614E-1   3.973822229192027  -2.139545675700076E1  -5.086122138226342E1  -2.137644202375900E1  -5.066858492445700E1  -4.574216209675185E-1   3.918754805280795  
 1.584893192461117E5    -4.460092781778212E-1   3.917464733552809  -2.145391538437504E1  -5.065912486341657E1  -2.144232313865319E1  -5.048579209375772E1  -4.523745077124121E-1   3.880119511599764  
 1.603245390690045E5    -4.540001797509706E-1   3.884923620127958  -2.150450790108924E1  -5.044882311404779E1  -2.148439066691201E1  -5.031221974127961E1  -4.441619405249832E-1   3.823917354758533  
 1.621810097358934E5    -4.504204039371446E-1   3.813050145016292  -2.155104390310837E1  -5.015682084088249E1  -2.155312952922761E1  -5.013267386300857E1  -4.537498194384433E-1   3.843056494694526  
 1.640589773199543E5    -4.498130930289817E-1   3.815177394104983  -2.160999967488101E1  -5.009166630864520E1  -2.158203650525450E1  -4.994100898455495E1  -4.446250651786559E-1   3.814903716926219  
 1.659586907437565E5    -4.472161629826448E-1   3.757412504080868  -2.168067776187763E1  -4.990518584964470E1  -2.164568257134040E1  -4.973779288220469E1  -4.509464151950861E-1   3.754700090250082  
 1.678804018122565E5    -4.458177279083017E-1   3.685200321666448  -2.170705327746678E1  -4.972876297472777E1  -2.171360502515145E1  -4.954507248702209E1  -4.500977541488370E-1   3.709168433018842  
 1.698243652461749E5    -4.482341752983287E-1   3.659646017925341  -2.177853518250772E1  -4.954673152320844E1  -2.175548123295213E1  -4.940464862178001E1  -4.460369135535212E-1   3.662570535888981  
 1.717908387157593E5    -4.380184275156743E-1   3.635456939731582  -2.182297157187131E1  -4.935203405846455E1  -2.181986716521322E1  -4.928293450432123E1  -4.504445055982969E-1   3.645992277506334  
 1.737800828749380E5    -4.470209203650015E-1   3.588786768790935  -2.189193952368881E1  -4.910311539510801E1  -2.186385995191992E1  -4.911165768209225E1  -4.449319082095667E-1   3.597193401737442  
 1.757923613958698E5    -4.446823397937178E-1   3.581006119392759  -2.193573045959115E1  -4.903186854241332E1  -2.192254887059985E1  -4.884087768549898E1  -4.439004360263377E-1   3.573296934904111  
 1.778279410038928E5    -4.436784043059354E-1   3.549964695899183  -2.198482462061426E1  -4.880173399360250E1  -2.196361068413714E1  -4.884908850132366E1  -4.403356500743347E-1   3.522972830505118  
 1.798870915128793E5    -4.405035566994526E-1   3.511453309174565  -2.203796503275159E1  -4.865271339049490E1  -2.200645507368280E1  -4.850387916037576E1  -4.420367960938226E-1   3.526525776019232  
 1.819700858609989E5    -4.380222369639709E-1   3.467126455641831  -2.210190829417977E1  -4.851658925384758E1  -2.207930263077970E1  -4.836664876438159E1  -4.498921066806057E-1   3.462012023768820  
 1.840772001468962E5    -4.339268140272140E-1   3.450612837831790  -2.214599685760274E1  -4.828760987494071E1  -2.212539743102255E1  -4.814170372773975E1  -4.480160561247103E-1   3.456461391082614  
 1.862087136662873E5    -4.349087010091837E-1   3.442324784955976  -2.220159137439610E1  -4.810024794578173E1  -2.218770031133770E1  -4.799555986261189E1  -4.467273963662212E-1   3.407565023218149  
 1.883649089489807E5    -4.425061998475736E-1   3.431176654782282  -2.223860915122515E1  -4.783943344444973E1  -2.224143385029193E1  -4.776650464961777E1  -4.407689240006957E-1   3.388502942075355  
 1.905460717963254E5    -4.346618666277011E-1   3.379546413755155  -2.230982968707585E1  -4.777337288079720E1  -2.228885315818356E1  -4.759160524421648E1  -4.404699148131859E-1   3.382359556877642  
 1.927524913190943E5    -4.378443394290711E-1   3.352335511418200  -2.234190301829572E1  -4.752869211732878E1  -2.232316799724516E1  -4.753601589650110E1  -4.354542614339788E-1   3.319054980123513  
 1.949844599758052E5    -4.316269903062452E-1   3.303759464678641  -2.238493766212546E1  -4.732966591387471E1  -2.237340376550378E1  -4.729800151455714E1  -4.343231248560335E-1   3.285126646171370  
 1.972422736114861E5    -4.276037747252272E-1   3.259056392066681  -2.244505249941102E1  -4.719848955107765E1  -2.243899221536137E1  -4.703285701679565E1  -4.423638813670960E-1   3.260167946869641  
 1.995262314968887E5    -4.304046979861931E-1   3.237709583207629  -2.250057446255574E1  -4.690267168502824E1  -2.248941508668883E1  -4.686430041360495E1  -4.350543389249951E-1   3.237080260475999  
 2.018366363681569E5    -4.345830415138242E-1   3.233740653611676  -2.254371473367133E1  -4.685116878673542E1  -2.250950480489444E1  -4.673605565856928E1  -4.349946618709411E-1   3.160279453679675  
 2.041737944669537E5    -4.321142415999265E-1   3.148259366629236  -2.260157356719036E1  -4.664656249732857E1  -2.255888073584054E1  -4.647881514233644E1  -4.360583582041042E-1   3.203358516936312  
 2.065380155810537E5    -4.307604295041498E-1   3.123295712647915  -2.262598637204034E1  -4.645275212904255E1  -2.261252189085937E1  -4.648302095356284E1  -4.270141278597304E-1   3.128381309989432  
 2.089296130854047E5    -4.249924612439252E-1   3.123350453695981  -2.267510033907508E1  -4.629591394078171E1  -2.266047130423453E1  -4.616333444929249E1  -4.355770512505847E-1   3.111820752469990  
 2.113489039836655E5    -4.260450362737543E-1   3.119198884318253  -2.270059185579458E1  -4.610493711736772E1  -2.271367095604115E1  -4.604447487316567E1  -4.234744864433814E-1   3.104281635139677  
 2.137962089502240E5    -4.201681643148784E-1   3.030916143147855  -2.278110898742932E1  -4.601318537174137E1  -2.276320326092915E1  -4.594089176304860E1  -4.309703612130526E-1   3.079028704797459  
 2.162718523727029E5    -4.251046618531446E-1   2.997871485067087  -2.281368787238750E1  -4.598677731885520E1  -2.279527767474661E1  -4.577695754220484E1  -4.186207571226742E-1   3.040391493333735  
 2.187761623949561E5    -4.251233364835728E-1   2.981209396400721  -2.285930823762918E1  -4.565817875279011E1  -2.285058201851905E1  -4.553096310333958E1  -4.372607462699699E-1   2.972468506022938  
 2.213094709605647E5    -4.190930426267490E-1   2.973016736841321  -2.292025800461059E1  -4.542951122295213E1  -2.290389652477427E1  -4.535704712694962E1  -4.200723972144481E-1   3.013512171977693  
 2.238721138568349E5    -4.178547722221658E-1   2.974481826275430  -2.297385283021971E1  -4.535087103334094E1  -2.292412420762162E1  -4.523371786568258E1  -4.258865921562881E-1   2.971339169203042  
 2.264644307593069E5    -4.168031127534690E-1   2.942648525698627  -2.298555320185086E1  -4.504501564249399E1  -2.297670906262611E1  -4.501556907058592E1  -4.283383959986206E-1   2.912657955356449  
 2.290867652767783E5    -4.163399120333331E-1   2.918659781256972  -2.305179523915091E1  -4.500583547025725E1  -2.302666705727962E1  -4.487436397122485E1  -4.275442018306637E-1   2.900375374397093  
 2.317394649968489E5    -4.166166174424191E-1   2.885484943741130  -2.309840985520377E1  -4.483385475118741E1  -2.307443254667566E1  -4.467267743952134E1  -4.183575645126514E-1   2.889621309400173  
 2.344228815319933E5    -4.208251962046462E-1   2.849393921964557  -2.315841648894834E1  -4.470085424953083E1  -2.313568865089050E1  -4.455903085508648E1  -4.312106126781142E-1   2.873966199815067  
 2.371373705661666E5    -4.136055330311738E-1   2.824623251893392  -2.319046102345008E1  -4.462476048532432E1  -2.315526343769957E1  -4.438358265195038E1  -4.185161465507472E-1   2.836780268550112  
 2.398832919019501E5    -4.150380399310988E-1   2.769948076936893  -2.322295022756853E1  -4.446511705330450E1  -2.322464789147438E1  -4.426873792461588E1  -4.121663473450136E-1   2.771185094655496  
 2.426610095082427E5    -4.094220543008602E-1   2.824937014803564  -2.328893572054822E1  -4.430456630852745E1  -2.324006381573701E1  -4.400486257786442E1  -4.055480952099344E-1   2.758754091739061  
 2.454708915685042E5    -4.130874525493327E-1   2.770323323751723  -2.330522982468902E1  -4.398200319589159E1  -2.329857711209611E1  -4.399541572331850E1  -4.138846985953480E-1   2.764120018807286  
 2.483133105295582E5    -4.104142295843392E-1   2.761467605361219  -2.336791539718769E1  -4.397621623673180E1  -2.332757324465597E1  -4.365880927710432E1  -4.037806411156913E-1   2.747189590541913  
 2.511886431509592E5    -4.111405348853925E-1   2.719036283584027  -2.341997025622613E1  -4.365725382457460E1  -2.340417658462478E1  -4.354462837566842E1  -4.156144913411339E-1   2.690892430326775  
 2.540972705549318E5    -4.077090521334763E-1   2.691872986463793  -2.342869517405861E1  -4.368241917578431E1  -2.345552923276234E1  -4.340507365423861E1  -4.037888192134578E-1   2.698154727049953  
 2.570395782768877E5    -4.089959396758195E-1   2.689515720071664  -2.350076905807565E1  -4.346458476121857E1  -2.347575879114767E1  -4.330840508060972E1  -4.090196841112431E-1   2.664706197389938  
 2.600159563165285E5    -4.075663100179169E-1   2.660658305573308  -2.354112967178486E1  -4.333269978741275E1  -2.352199452274313E1  -4.303266216019264E1  -4.102553629569922E-1   2.626359867148621  
 2.630267991895395E5    -4.072627913595767E-1   2.639043743201020  -2.360082243166287E1  -4.332817869582139E1  -2.357477153573495E1  -4.299116246905978E1  -4.034582187767281E-1   2.636960718053499  
 2.660725059798823E5    -4.099204861049590E-1   2.611186418624336  -2.363688699234184E1  -4.295730874640604E1  -2.360392529818714E1  -4.285647941094324E1  -4.062693689409716E-1   2.571582795728824  
 2.691534803926930E5    -4.078049028806804E-1   2.603822974776919  -2.369795133934355E1  -4.268941381888915E1  -2.365456883876007E1  -4.266814792932245E1  -4.016211873172083E-1   2.560124128155856  
 2.722701308077927E5    -3.972136857093419E-1   2.572385544347533  -2.369407836732589E1  -4.265861857515950E1  -2.369425954503053E1  -4.259294579535023E1  -4.091156267985938E-1   2.519488397588108  
 2.754228703338181E5    -4.022399919391594E-1   2.511203933468338  -2.378431530481531E1  -4.264415104619448E1  -2.372539137528214E1  -4.244341115664379E1  -4.012449538551291E-1   2.552762991388193  
 2.786121168629785E5    -4.018993281682102E-1   2.494711771426897  -2.383539344339469E1  -4.249405834124230E1  -2.376690123020930E1  -4.232315268463113E1  -4.031914593950857E-1   2.496640182795451  
 2.818382931264469E5    -4.015552117981206E-1   2.519326782847352  -2.383990292275002E1  -4.203509690011828E1  -2.380140035975470E1  -4.207434436372414E1  -4.005145896306085E-1   2.438331265192973  
 2.851018267503925E5    -4.011662534059116E-1   2.488106641081395  -2.387292785379256E1  -4.213740909993889E1  -2.383229386532057E1  -4.210762276071708E1  -4.009544521996143E-1   2.430873989390008  
 2.884031503126622E5    -4.053016376568741E-1   2.434011990788900  -2.394516226733959E1  -4.194457618842714E1  -2.389588719344337E1  -4.194341526160996E1  -3.987404564348376E-1   2.461898098561475  
 2.917427014001183E5    -3.952905675555092E-1   2.425182514557337  -2.397955458312273E1  -4.184444944002370E1  -2.394330791088021E1  -4.181672384856427E1  -3.990176042580551E-1   2.391140078999521  
 2.951209226666402E5    -4.018855965045041E-1   2.435189933289568  -2.401896709338962E1  -4.170586796306392E1  -2.397972556361890E1  -4.162009770210391E1  -3.986128076802767E-1   2.424429344258536  
 2.985382618917977E5    -3.915291980498473E-1   2.406053665685503  -2.404409396814655E1  -4.155628676694731E1  -2.403302322656852E1  -4.150129820851110E1  -3.915867413739445E-1   2.391187277888961  
 3.019951720402034E5    -4.107815418638471E-1   2.420328631345116  -2.412392824016322E1  -4.117736041569780E1  -2.406776174657711E1  -4.138829015704594E1  -4.194585374064307E-1   2.349214309403760  
 3.054921113215531E5    -4.062604301408032E-1   2.338711950150981  -2.413446387525616E1  -4.129065187045065E1  -2.413616471096568E1  -4.135553769754424E1  -4.169006071610509E-1   2.310484119113884  
 3.090295432513609E5    -3.977727497681365E-1   2.365527143840694  -2.417667509511289E1  -4.114704775624957E1  -2.419061768033068E1  -4.108353360199617E1  -4.179296082979089E-1   2.394058564138126  
 3.126079367123974E5    -3.912015539892557E-1   2.334658686847222  -2.427213815057485E1  -4.106104716423966E1  -2.422315214943899E1  -4.084137681572649E1  -4.143770060291583E-1   2.252348663405577  
 3.162277660168399E5    -3.877958438802907E-1   2.305513367962373  -2.422779077181832E1  -4.073555913791137E1  -2.421716799766072E1  -4.082804993671663E1  -3.990432702447357E-1   2.285150407186180  
 3.198895109691418E5    -3.818967945218366E-1   2.281225363620085  -2.427507202696256E1  -4.083115394832197E1  -2.428021232891364E1  -4.056266618197878E1  -4.071494232619513E-1   2.297458319582042  
 3.235936569296303E5    -3.907677043056651E-1   2.244019969879735  -2.433340744711147E1  -4.067466052498367E1  -2.430367316301405E1  -4.056645451730761E1  -3.928463536988913E-1   2.210555775274131  
 3.273406948788403E5    -3.825119629804094E-1   2.204980648471818  -2.440175366980974E1  -4.045773524839620E1  -2.434740981508946E1  -4.028054026647213E1  -3.861149136576977E-1   2.258330534436464  
 3.311311214825932E5    -3.797482951224654E-1   2.213329533211090  -2.442711720154624E1  -4.032335990110611E1  -2.443214018564741E1  -4.020010269647902E1  -3.930234211555832E-1   2.222783019472404  
 3.349654391578299E5    -3.750289757542708E-1   2.212267907169488  -2.447217167373682E1  -4.036361840366509E1  -2.445786961145785E1  -4.020075272681147E1  -3.885174899134838E-1   2.185480127295800  
 3.388441561392048E5    -3.758643774814586E-1   2.182018054845208  -2.449765488142911E1  -4.018783820001472E1  -2.447523537519828E1  -4.005577393929567E1  -3.975887268122449E-1   2.170415205394287  
 3.427677865464527E5    -3.847438043988701E-1   2.172396099178867  -2.454101017921943E1  -4.007677239974315E1  -2.452357803075032E1  -3.978525637445031E1  -3.827974209785853E-1   2.123879962224195  
 3.467368504525340E5    -3.690655719077121E-1   2.112775083677583  -2.458126848308355E1  -3.993733216767935E1  -2.456289509617509E1  -3.978769234055005E1  -3.912105082164973E-1   2.110587662632818  
 3.507518739525704E5    -3.809132492345727E-1   2.112434612001423  -2.466706484805294E1  -3.995605943606537E1  -2.458935878802478E1  -3.977560308448774E1  -3.838505712324707E-1   2.085778405733801  
 3.548133892335779E5    -3.748589051544996E-1   2.091219673079225  -2.468909559571957E1  -3.951021821873137E1  -2.465447249812128E1  -3.937940141403991E1  -3.967488142678138E-1   2.087830981806039  
 3.589219346450077E5    -3.752754395187523E-1   2.120232959985427  -2.472245031860736E1  -3.955101094608831E1  -2.470086975943974E1  -3.952068911640243E1  -3.706347720000497E-1   2.065885192619961  
 3.630780547701039E5    -3.658799301591670E-1   2.106031679547102  -2.475549478127233E1  -3.935697051331680E1  -2.471405979591463E1  -3.925339843540552E1  -3.878737424257253E-1   2.087312028931221  
 3.672823004980873E5    -3.678748199815284E-1   2.064083552836024  -2.478574335388063E1  -3.916589303535545E1  -2.477281031248521E1  -3.917858631289074E1  -3.852952506713493E-1   2.047681783931016  
 3.715352290971752E5    -3.725620423012968E-1   2.033453145231609  -2.481792225236788E1  -3.917643475520284E1  -2.482367281776455E1  -3.903547419119984E1  -3.831440781200697E-1   2.058914442326621  
 3.758374042884469E5    -3.653843206923281E-1   2.003738257416074  -2.488719413371882E1  -3.895127919219658E1  -2.487043815089055E1  -3.879145897213827E1  -3.826631736385648E-1   2.028617893215544  
 3.801893963205640E5    -3.707973802922655E-1   2.029501374455315  -2.492538061213171E1  -3.891715929959940E1  -2.487024664267343E1  -3.877591838861747E1  -3.704912572282609E-1   1.981765819756509  
 3.845917820453564E5    -3.674792515341999E-1   1.965683447889890  -2.496511094681195E1  -3.884186704006859E1  -2.495122786828066E1  -3.871028628544912E1  -3.741120498820074E-1   1.969635811074270  
 3.890451449942835E5    -3.607670917943537E-1   1.998136762551228  -2.495345108768530E1  -3.876529653254881E1  -2.495077467380519E1  -3.851625703732922E1  -3.745076918978624E-1   1.907925353968154  
 3.935500754557804E5    -3.651745027511900E-1   1.960836018878522  -2.500845629790981E1  -3.844295782306414E1  -2.503366419163811E1  -3.850059430287232E1  -3.787583441156413E-1   1.938793768899245  
 3.981071705535003E5    -3.604720573999271E-1   1.939633285971994  -2.507811760433048E1  -3.863986536664032E1  -2.504757800038701E1  -3.819666293642352E1  -3.780307208136922E-1   1.923738159207538  
 4.027170343254622E5    -3.585981260851876E-1   1.944761311025323  -2.509315494948617E1  -3.828713113030345E1  -2.507445800516139E1  -3.825634834111509E1  -3.624837527583731E-1   1.928009648200513  
 4.073802778041159E5    -3.584509450925579E-1   1.893283237362038  -2.514597089882137E1  -3.830334304912167E1  -2.513968484722709E1  -3.814393685770038E1  -3.637936753916062E-1   1.873662583626254  
 4.120975190973334E5    -3.643131027194073E-1   1.926021027744324  -2.520061590850865E1  -3.815467306494724E1  -2.519034205891221E1  -3.816461507499541E1  -3.775568009019239E-1   1.855696500696648  
 4.168693834703387E5    -3.613686298743794E-1   1.878901953882799  -2.522879557435615E1  -3.792153282339577E1  -2.520985638117021E1  -3.783021997505986E1  -3.701840159966183E-1   1.835086350356268  
 4.216965034285857E5    -3.606270338537509E-1   1.852812271702478  -2.529131765329419E1  -3.777216122021300E1  -2.524897859376934E1  -3.777084670135753E1  -3.661668619929098E-1   1.843685532953827  
 4.265795188015961E5    -3.590463697589016E-1   1.827507223107136  -2.535159748324959E1  -3.786403159751071E1  -2.531111679249475E1  -3.765704907906259E1  -3.584348176496158E-1   1.806503266917650  
 4.315190768277688E5    -3.604164611641981E-1   1.827089384178659  -2.537095083397638E1  -3.763137298361835E1  -2.533724767140662E1  -3.765767656467029E1  -3.725535169420006E-1   1.783373941730920  
 4.365158322401696E5    -3.538742798309966E-1   1.800830377726431  -2.540466664388029E1  -3.751364431837092E1  -2.535447896772579E1  -3.746553245379327E1  -3.599640263310978E-1   1.797030369505283  
 4.415704473533162E5    -3.536141641656199E-1   1.794723303354777  -2.542806532024561E1  -3.755101209191194E1  -2.543537280260023E1  -3.744900350274889E1  -3.670930278393177E-1   1.778979136647369  
 4.466835921509669E5    -3.575562976385533E-1   1.812203672380697  -2.548202439969612E1  -3.730057700072395E1  -2.547828645529488E1  -3.716564181688116E1  -3.601786546319125E-1   1.778255267750136  
 4.518559443749262E5    -3.562841203066152E-1   1.746797004871047  -2.550669492964837E1  -3.723707605309734E1  -2.552248539146322E1  -3.724149886406623E1  -3.616487149222632E-1   1.741082429663214  
 4.570881896148790E5    -3.565523926502479E-1   1.741288400012174  -2.556283980166036E1  -3.713098726747817E1  -2.553869521457467E1  -3.704697240530163E1  -3.550233415587261E-1   1.711005818794761  
 4.623810213992643E5    -3.548197106749801E-1   1.727181676537757  -2.560278045351383E1  -3.706473493813969E1  -2.558038180366021E1  -3.698447393427956E1  -3.472749112391417E-1   1.704693235366592  
 4.677351412872023E5    -3.539671174719321E-1   1.742019830267122  -2.564144007768389E1  -3.702089773033195E1  -2.564463565635435E1  -3.690901830323512E1  -3.507681505055594E-1   1.660400516755624  
 4.731512589614847E5    -3.522331481362452E-1   1.706840814795894  -2.570900927616352E1  -3.683505049531366E1  -2.568070218766921E1  -3.668363115180704E1  -3.504698438550755E-1   1.650821467174536  
 4.786300923226426E5    -3.555130989943627E-1   1.718772238418777  -2.571513424271660E1  -3.665465646153052E1  -2.570711031158709E1  -3.652435986045480E1  -3.530815283718385E-1   1.657799491702037  
 4.841723675841037E5    -3.430962621171306E-1   1.666938031345635  -2.578468416636574E1  -3.664776383935971E1  -2.574010186608092E1  -3.644742942266359E1  -3.552012943460421E-1   1.668683345064331  
 4.897788193684507E5    -3.554085377906784E-1   1.648636979727969  -2.582703935884053E1  -3.638437208900935E1  -2.578747350385450E1  -3.635171908303543E1  -3.486501793427841E-1   1.653623599113570  
 4.954501908047948E5    -3.432021095776862E-1   1.625829093061935  -2.587828121017704E1  -3.637694487356899E1  -2.581205654888994E1  -3.618982908027055E1  -3.481303776968530E-1   1.574771880447244  
 5.011872336272769E5    -3.522700010177945E-1   1.630717961871640  -2.590085955983883E1  -3.617798186525808E1  -2.586947027316253E1  -3.607506332174226E1  -3.504745146445799E-1   1.630746093038409  
 5.069907082747091E5    -3.442864175094695E-1   1.617125087309416  -2.595116659863431E1  -3.607253551277794E1  -2.590516934558083E1  -3.596300389007692E1  -3.510400181905073E-1   1.567851098872069  
 5.128613839913696E5    -3.443609950187946E-1   1.604688284869096  -2.597278651083802E1  -3.587377820213438E1  -2.593764362418223E1  -3.584131881658617E1  -3.454023896995436E-1   1.567917591685631  
 5.188000389289660E5    -3.449545040045001E-1   1.573116194059688  -2.601984331910249E1  -3.583485591129531E1  -2.599709017828637E1  -3.579610934089851E1  -3.423180514819674E-1   1.538450271836733  
 5.248074602497775E5    -3.458365398670748E-1   1.549684323570293  -2.607522224140593E1  -3.575169816608450E1  -2.602756369938885E1  -3.571906907436973E1  -3.572527953434184E-1   1.546041591608268  
 5.308844442309934E5    -3.417256316055204E-1   1.531649041989957  -2.608681158368837E1  -3.558832506518304E1  -2.607808178396828E1  -3.548693689444612E1  -3.494467439152520E-1   1.529671425558931  
 5.370317963702579E5    -3.376645394906461E-1   1.546802537890368  -2.610766449283512E1  -3.544370222169157E1  -2.610152481138682E1  -3.547978222666578E1  -3.333844868870227E-1   1.475477913450207  
 5.432503314924385E5    -3.417019061134509E-1   1.525929711815803  -2.618690390652393E1  -3.549382960020760E1  -2.615054494168303E1  -3.530819110468278E1  -3.483783746304788E-1   1.517994462021298  
 5.495408738576298E5    -3.390487353833427E-1   1.529132172811237  -2.623680650883868E1  -3.528890982849568E1  -2.619313926033258E1  -3.524185226482498E1  -3.437131233657129E-1   1.468387771873927  
 5.559042572704089E5    -3.319204748753252E-1   1.499758427063745  -2.625691362219752E1  -3.532499834214912E1  -2.622816238109721E1  -3.499734438710578E1  -3.388921433929806E-1   1.493014653946071  
 5.623413251903545E5    -3.363893586195089E-1   1.443887367008558  -2.628146115834782E1  -3.505451029427859E1  -2.626933873302578E1  -3.485173940596648E1  -3.482167477651933E-1   1.474679561867550  
 5.688529308438470E5    -3.363692546179793E-1   1.469905697180332  -2.634628180265778E1  -3.491252844889757E1  -2.631599723735633E1  -3.487751756849630E1  -3.390944423943794E-1   1.430844207947510  
 5.754399373371626E5    -3.334694478129004E-1   1.450896370428299  -2.640891302201375E1  -3.489885447629207E1  -2.635692994027694E1  -3.483072807015314E1  -3.463061590473656E-1   1.423322504094810  
 5.821032177708772E5    -3.283699012480980E-1   1.439614250042501  -2.640536487661732E1  -3.476403801649740E1  -2.638922342073008E1  -3.461898129294502E1  -3.430640090684345E-1   1.417427160998897  
 5.888436553555948E5    -3.333588793177411E-1   1.429784258385453  -2.647054220227230E1  -3.465880144715288E1  -2.644531661443130E1  -3.455923387184634E1  -3.357630037828891E-1   1.408163736113518  
 5.956621435290164E5    -3.292234594807288E-1   1.459810933387627  -2.647472089449396E1  -3.461388771348853E1  -2.646370410552276E1  -3.430478860782574E1  -3.378644546149815E-1   1.359426813951446  
 6.025595860743638E5    -3.326894635283316E-1   1.403805884406731  -2.655919185029344E1  -3.442124846587098E1  -2.650021903583283E1  -3.435988232481964E1  -3.332847767031520E-1   1.358414725916551  
 6.095368972401753E5    -3.296349508621954E-1   1.367504273281669  -2.658792737964874E1  -3.425449482963808E1  -2.654232907811845E1  -3.416735651123582E1  -3.459622424857679E-1   1.360581043545522  
 6.165950018614885E5    -3.255745977729195E-1   1.349908176278047  -2.660381954750327E1  -3.422702139847107E1  -2.657997532630174E1  -3.399691647672727E1  -3.434771322743885E-1   1.357440773986708  
 6.237348354824256E5    -3.320676144300248E-1   1.353020225892573  -2.668371068958336E1  -3.410751361992153E1  -2.661688153255903E1  -3.405279425780056E1  -3.343331058571546E-1   1.322456464319393  
 6.309573444801997E5    -3.297311522185993E-1   1.363955310189906  -2.670722506969909E1  -3.395565707078532E1  -2.667629452922537E1  -3.392157338023327E1  -3.403570004515152E-1   1.318723264305950  
 6.382634861905553E5    -3.179769722308452E-1   1.328620933940893  -2.674000239024229E1  -3.387866568111789E1  -2.669396742388956E1  -3.370132940348803E1  -3.318719222105845E-1   1.323657686459300  
 6.456542290346623E5    -3.204428451525986E-1   1.321133657500510  -2.678095469747956E1  -3.364644181622327E1  -2.676634309402643E1  -3.356691277941388E1  -3.346118372202841E-1   1.286772664679257  
 6.531305526474792E5    -3.254432927353736E-1   1.296512634173903  -2.683814310996715E1  -3.360610284570537E1  -2.676608573940274E1  -3.340621640843126E1  -3.398550321745609E-1   1.255821847695988  
 6.606934480076031E5    -3.212309817779395E-1   1.290384646182289  -2.685775101117586E1  -3.336762144192775E1  -2.682533221862733E1  -3.345098118393423E1  -3.368566071649563E-1   1.258733054356258  
 6.683439175686218E5    -3.247573912045787E-1   1.256061259763820  -2.692770666071640E1  -3.325817273177317E1  -2.687312610818118E1  -3.321174739941186E1  -3.307378610748240E-1   1.266033740745828  
 6.760829753919891E5    -3.204324472999853E-1   1.296208885624421  -2.694968856450264E1  -3.323575177774747E1  -2.689520217626478E1  -3.301737765855713E1  -3.288812967941517E-1   1.231628243138593  
 6.839116472814368E5    -3.218359798702678E-1   1.262571158252785  -2.697336075720766E1  -3.305740332590914E1  -2.694496264391596E1  -3.299894561479952E1  -3.243224060791352E-1   1.212981980675300  
 6.918309709189441E5    -3.212334336363474E-1   1.251632265812597  -2.702736178212106E1  -3.284194308501064E1  -2.697648535736038E1  -3.284517506856739E1  -3.269571508270812E-1   1.228664528297466  
 6.998419960022812E5    -3.186994055417159E-1   1.202405073515813  -2.708403469797965E1  -3.290912699718555E1  -2.703204668804861E1  -3.256804758454983E1  -3.253684499037512E-1   1.226161818458642  
 7.079457843841458E5    -3.118785493602584E-1   1.227507879418080  -2.710057056282073E1  -3.266168476347183E1  -2.702715450709597E1  -3.259251085078213E1  -3.277612756838733E-1   1.200148737369727  
 7.161434102129100E5    -3.143853126666791E-1   1.168846222184326  -2.714978543681194E1  -3.265796199175522E1  -2.708809307605753E1  -3.242756553388712E1  -3.229200362906350E-1   1.162556047502489  
 7.244359600749982E5    -3.143431271660537E-1   1.160933528845308  -2.718063705076131E1  -3.242698182328886E1  -2.714406773190673E1  -3.236410283724552E1  -3.226815486738469E-1   1.111426646748254  
 7.328245331389124E5    -3.190029106886990E-1   1.199873211565228  -2.721423531645547E1  -3.211439039550181E1  -2.717911193838534E1  -3.212766360387428E1  -3.201333395567917E-1   1.153608736323437  
 7.413102413009260E5    -3.158228009164059E-1   1.129448961067868  -2.723303343072559E1  -3.224447618568737E1  -2.721792751629169E1  -3.206862547024420E1  -3.236092769339731E-1   1.098895310523362  
 7.498942093324644E5    -3.093850816299062E-1   1.136762628516135  -2.729267849292798E1  -3.197129347205242E1  -2.722547357008184E1  -3.195940055723766E1  -3.151037265699464E-1   1.091650588899973  
 7.585775750291925E5    -3.116162723498963E-1   1.142014980262134  -2.730129352720238E1  -3.172341785644425E1  -2.727010873086861E1  -3.176470974962400E1  -3.154091041099580E-1   1.093373603480954  
 7.673614893618278E5    -3.127624602106781E-1   1.117354019949017  -2.735422402674329E1  -3.183449250236185E1  -2.733289554168599E1  -3.157769177942954E1  -3.181523726842069E-1   1.121588693294641  
 7.762471166287008E5    -3.107455477788514E-1   1.096411623898455  -2.738296637612918E1  -3.176558820646830E1  -2.737218968054389E1  -3.156262888142166E1  -3.219996800290383E-1   1.079324716648961  
 7.852356346100810E5    -3.068563784460163E-1   1.080471132322348  -2.745650821953456E1  -3.145259768051967E1  -2.739227700250276E1  -3.142771754412157E1  -3.141152354829289E-1   1.044943233373580  
 7.943282347242909E5    -3.051156324347770E-1   1.080165686565558  -2.747704729071582E1  -3.139723117945953E1  -2.742958209796086E1  -3.124137371849741E1  -3.118683120488078E-1   1.030624183101693  
 8.035261221856268E5    -3.109997045771740E-1   1.040495986121555  -2.750713358087196E1  -3.126671533023819E1  -2.745200863048904E1  -3.116786729155058E1  -3.132433114204298E-1   1.023990540348384  
 8.128305161641089E5    -3.052276971851900E-1   1.033770589649346  -2.754215951480578E1  -3.109986980036892E1  -2.749615897334476E1  -3.099541784857703E1  -3.100348278711535E-1   1.011632501447009  
 8.222426499470810E5    -3.048585025247572E-1   1.040297229614406  -2.757485421978590E1  -3.093782799659965E1  -2.753318104913622E1  -3.079238561099269E1  -3.151327226349152E-1   1.000075974274684  
 8.317637711026811E5    -3.044582280698250E-1   1.029798112072260  -2.762841008962323E1  -3.080084049522697E1  -2.759128226550138E1  -3.073541031265288E1  -3.061146709900497E-1   9.738537999034405E-1  
 8.413951416452053E5    -3.112429927580397E-1   1.001093376571497  -2.766487004098085E1  -3.070346150799431E1  -2.762668725403188E1  -3.059404563462962E1  -3.078943297228997E-1   9.805673346220660E-1  
 8.511380382023869E5    -3.075881240852508E-1   1.006236411109044  -2.770013113201255E1  -3.064337283398076E1  -2.764535927542982E1  -3.051157517561301E1  -3.048070409506279E-1   9.713778651440801E-1  