 8.609937521846113E5    -3.046395798280197E-1   9.985916364630774E-1  -2.775680789478761E1  -3.037239580473960E1  -2.768990006245744E1  -3.025872352132643E1  -3.115985262488030E-1   9.686693300157908E-1  
 8.709635899560915E5    -3.071303835036598E-1   9.820264240108335E-1  -2.779695723391627E1  -3.043750572689153E1  -2.772601941536528E1  -3.021406091139706E1  -3.137814949904297E-1   9.655573205070793E-1  
 8.810488730080251E5    -2.990709314987021E-1   9.670950278687244E-1  -2.782120145381043E1  -3.011772892389764E1  -2.775619153337044E1  -3.011202263251351E1  -3.184606301982010E-1   9.471514964629850E-1  
 8.912509381337568E5    -3.016954347691312E-1   9.674424481515630E-1  -2.784253440199323E1  -2.999335766765030E1  -2.781037345976789E1  -3.013320923918171E1  -3.081289412774805E-1   9.119368395295696E-1  
 9.015711376059683E5    -3.009377909721949E-1   9.360099570928731E-1  -2.789108175054002E1  -2.980402701754241E1  -2.785183812415207E1  -2.983036114884096E1  -3.109622319768535E-1   9.094044626425186E-1  
 9.120108393559214E5    -2.978354766866206E-1   9.352468280365864E-1  -2.792551259268319E1  -2.976722125375501E1  -2.786068787969834E1  -2.968476987715853E1  -3.096328320551562E-1   8.754052865505571E-1  
 9.225714271547750E5    -2.968626848361075E-1   9.154474233948373E-1  -2.795163160735659E1  -2.965703152186847E1  -2.790141329752306E1  -2.941253807859347E1  -3.077431705746291E-1   8.973903686191384E-1  
 9.332543007970031E5    -3.009409953951001E-1   9.058793291558052E-1  -2.800571985492519E1  -2.954813900646374E1  -2.794769811135622E1  -2.942853691595510E1  -3.056594541044995E-1   8.601842223990813E-1  
 9.440608762859356E5    -2.977156470289519E-1   8.821249324265008E-1  -2.802611410671564E1  -2.922299403509137E1  -2.796473586936252E1  -2.921536309182570E1  -3.028201860290778E-1   8.413258985823298E-1  
 9.549925860214484E5    -2.946525528595213E-1   8.667273765567911E-1  -2.805804054065984E1  -2.918409713655522E1  -2.798784318446356E1  -2.916872167745627E1  -2.985155796447824E-1   8.318364256275393E-1  
 9.660508789898260E5    -2.947774034494481E-1   8.979111859523840E-1  -2.807304708826692E1  -2.892709672993370E1  -2.803443024017786E1  -2.895965651033979E1  -2.987201959354222E-1   8.176357663072671E-1  
 9.772372209558234E5    -2.955559663874722E-1   8.586301758264298E-1  -2.812497477073400E1  -2.878653001636809E1  -2.807573438002360E1  -2.867970396635468E1  -3.004480371504121E-1   8.013876241102843E-1  
 9.885530946569518E5    -2.913082083276568E-1   8.282357491373270E-1  -2.816668015316863E1  -2.878862062348180E1  -2.811369593524990E1  -2.876122849280658E1  -2.997603707285171E-1   8.071865748681704E-1  
 1.000000000000013E6    -2.934082191154375E-1   8.375660228416285E-1  -2.817237202981616E1  -2.853762505414522E1  -2.815484963559775E1  -2.847648109041745E1  -2.993043408075173E-1   7.803700554589702E-1  
 1.011579454259912E6    -2.917959948270953E-1   8.122022047710916E-1  -2.822839591756275E1  -2.848715983049505E1  -2.817915710518382E1  -2.843173937809100E1  -2.997950993684351E-1   7.991676271920607E-1  
 1.023292992280768E6    -2.941699586724796E-1   8.069793163404456E-1  -2.826712041408925E1  -2.807734035704603E1  -2.821457031615848E1  -2.819330212693607E1  -3.062137172986143E-1   7.908384769411817E-1  
 1.035142166679358E6    -2.936710152683328E-1   8.073742320754606E-1  -2.831564297203599E1  -2.805237254619594E1  -2.825133826509233E1  -2.805162701441567E1  -2.986700312767040E-1   7.766326589268053E-1  
 1.047128548050914E6    -2.939656826335092E-1   7.784829194920506E-1  -2.836305059300153E1  -2.784330104682492E1  -2.827176190083606E1  -2.791793280458152E1  -3.026888219973928E-1   7.528716194828551E-1  
 1.059253725177303E6    -2.932718829902228E-1   7.710229542108704E-1  -2.835613115774822E1  -2.781905255302417E1  -2.831330753106767E1  -2.768113148284450E1  -3.036954775801189E-1   7.556815049205826E-1  
 1.071519305237621E6    -2.864882819469520E-1   7.724989459104553E-1  -2.839125985853300E1  -2.766786296051485E1  -2.836083698556192E1  -2.759888770146487E1  -3.003903212459005E-1   7.312557110753833E-1  
 1.083926914021219E6    -2.898404560350616E-1   7.455701376400982E-1  -2.843366156631570E1  -2.755306575370056E1  -2.836400845612272E1  -2.751747369209714E1  -3.002710985429770E-1   7.244205880275658E-1  
 1.096478196143200E6    -2.923849705955022E-1   7.391758430621810E-1  -2.845478452505134E1  -2.733890747070842E1  -2.841408598840897E1  -2.742196161322224E1  -2.968014665707612E-1   7.093999759639470E-1  
 1.109174815262417E6    -2.899729766432096E-1   7.350356765964181E-1  -2.848959655152518E1  -2.733636822641661E1  -2.843777844938322E1  -2.720914749710461E1  -2.933937308677435E-1   6.905615882274564E-1  
 1.122018454301979E6    -2.900969679668330E-1   7.260038484102712E-1  -2.853361328483984E1  -2.703936071365975E1  -2.847235689869507E1  -2.707593445010925E1  -2.987325321585129E-1   6.844174878987155E-1  
 1.135010815672331E6    -2.817081687605756E-1   6.939617137423926E-1  -2.857723895452348E1  -2.693193593976942E1  -2.849123735516167E1  -2.685732800179411E1  -2.936394904611773E-1   6.814475656323624E-1  
 1.148153621496899E6    -2.869668401981043E-1   6.730916797640016E-1  -2.860461981288292E1  -2.688977103316771E1  -2.852133476023671E1  -2.675059026014513E1  -2.980520556443307E-1   6.454019133848147E-1  
 1.161448613840359E6    -2.864292817632720E-1   6.810185576252914E-1  -2.865519546478205E1  -2.654980335058959E1  -2.856717769964451E1  -2.661836396470227E1  -3.020572164437698E-1   6.507150165351815E-1  
 1.174897554939546E6    -2.861390890610550E-1   6.618354783605349E-1  -2.865787087415319E1  -2.642262936061034E1  -2.859756918291277E1  -2.653232071921661E1  -2.968076206690406E-1   6.524606925023879E-1  
 1.188502227437036E6    -2.864019379182355E-1   6.384396699276261E-1  -2.869172905750803E1  -2.626308782337502E1  -2.860440760485790E1  -2.631111636662929E1  -2.971956344735620E-1   6.318939932843306E-1  
 1.202264434617430E6    -2.860380556386800E-1   6.485060401940681E-1  -2.872225874519532E1  -2.605975390343452E1  -2.867208178034149E1  -2.612281384337237E1  -3.024150923584253E-1   6.293240709336723E-1  
 1.216186000646386E6    -2.862531874328368E-1   6.528431576458645E-1  -2.877012046073141E1  -2.589186063113454E1  -2.869602034785828E1  -2.598511322371565E1  -3.021987138645945E-1   6.266220800953507E-1  
 1.230268770812400E6    -2.796622239075174E-1   6.217436996498977E-1  -2.876770572277772E1  -2.571922331703743E1  -2.870214585412979E1  -2.590677828238319E1  -3.004835151509170E-1   6.045191034668735E-1  
 1.244514611771404E6    -2.821552198234474E-1   6.043251363951816E-1  -2.881788399411798E1  -2.567887836235631E1  -2.876519918309190E1  -2.574084922946743E1  -2.923620876352798E-1   5.639112270163131E-1  
 1.258925411794186E6    -2.853645762541992E-1   5.889212973891452E-1  -2.883897803849478E1  -2.553232348157953E1  -2.878464248659524E1  -2.561932245222441E1  -2.880517285504435E-1   5.602050299908833E-1  
 1.273503081016681E6    -2.825142173260632E-1   5.988796401905602E-1  -2.885791740889429E1  -2.535895807781989E1  -2.880951019079197E1  -2.550917785989027E1  -2.823278455820615E-1   5.393703405569685E-1  
 1.288249551693154E6    -2.872740494883602E-1   5.804618453437593E-1  -2.892164492476940E1  -2.522179970427562E1  -2.883406241056450E1  -2.529308762300187E1  -2.819538407876490E-1   5.192411240152068E-1  
 1.303166778452319E6    -2.835187328061070E-1   5.666283825626359E-1  -2.894300869314521E1  -2.503796539525044E1  -2.887681796077810E1  -2.505969251138157E1  -2.822951682653736E-1   5.280446829057799E-1  
 1.318256738556427E6    -2.830402256884816E-1   5.643256050480224E-1  -2.897459422246896E1  -2.478709764634373E1  -2.889930430584980E1  -2.491165734154554E1  -2.773339383888593E-1   4.893935512153250E-1  
 1.333521432163345E6    -2.777778419251692E-1   5.432265111850120E-1  -2.899710056988285E1  -2.478163014400922E1  -2.893053239459327E1  -2.483881459315375E1  -2.847928609518357E-1   4.971717268055279E-1  
 1.348962882591675E6    -2.820588621880063E-1   5.287439458154716E-1  -2.904849455460982E1  -2.458618222360769E1  -2.897986237057055E1  -2.474291421813551E1  -2.798529284001756E-1   4.874089776095267E-1  
 1.364583136588946E6    -2.766554477528441E-1   5.125222298971802E-1  -2.906784021668966E1  -2.447280865482404E1  -2.899857447986681E1  -2.454747012265104E1  -2.831673314999498E-1   4.830154982874093E-1  
 1.380384264602906E6    -2.790175301285696E-1   5.285659454491355E-1  -2.907555813269687E1  -2.423417205204756E1  -2.903271307388835E1  -2.443093858419922E1  -2.877311244503860E-1   4.677434211075074E-1  
 1.396368361055960E6    -2.774110220938534E-1   4.995236991027380E-1  -2.912408750177424E1  -2.418934895159880E1  -2.906556877973469E1  -2.423188533573584E1  -2.823764201074473E-1   4.526393325235361E-1  
 1.412537544622777E6    -2.765675228488457E-1   4.885091152734626E-1  -2.915382826827737E1  -2.394401359888228E1  -2.909130878383244E1  -2.420420372532575E1  -2.767352731981924E-1   4.384524219661892E-1  
 1.428893958511126E6    -2.805322822826140E-1   4.603253527227976E-1  -2.919259792572068E1  -2.380297826019758E1  -2.909516145701496E1  -2.394305394108141E1  -2.812179133910523E-1   4.317098241545811E-1  
 1.445439770745951E6    -2.743630629210483E-1   4.608333867336659E-1  -2.919677727495220E1  -2.361073905374710E1  -2.913354704153793E1  -2.367709902790831E1  -2.835367466278519E-1   4.200574045058663E-1  
 1.462177174456742E6    -2.768832502122166E-1   4.503388974596935E-1  -2.922878994394980E1  -2.353532034685950E1  -2.916724296947066E1  -2.366797638428719E1  -2.837863013817453E-1   4.095656255798871E-1  
 1.479108388168231E6    -2.730742479413240E-1   4.342614075242693E-1  -2.924637135997673E1  -2.323535793260044E1  -2.920425198900746E1  -2.341899065577730E1  -2.838465150752619E-1   4.092871997949210E-1  
 1.496235656094458E6    -2.759984078929679E-1   4.419751331365975E-1  -2.930343801052096E1  -2.301481652654532E1  -2.924488404751156E1  -2.323237174249759E1  -2.761050313074878E-1   3.808490905737577E-1  
 1.513561248436233E6    -2.725822419637703E-1   4.286081746995432E-1  -2.931104198137863E1  -2.302704030929456E1  -2.926573485267360E1  -2.323038995346270E1  -2.798646804759016E-1   4.014844258911586E-1  
 1.531087461682055E6    -2.700713267004069E-1   4.012003047750771E-1  -2.932937769934876E1  -2.284152852955352E1  -2.928749697921081E1  -2.289449065118958E1  -2.853199572616844E-1   3.746089364994913E-1  
 1.548816618912507E6    -2.689283457962822E-1   3.790706245005998E-1  -2.935945664806003E1  -2.256279927530837E1  -2.930462312037527E1  -2.275182464638673E1  -2.752048914132311E-1   3.756777347744127E-1  
 1.566751070108175E6    -2.751463263753021E-1   3.881535662074638E-1  -2.939520847145951E1  -2.253494215979779E1  -2.934348964576950E1  -2.268983044315911E1  -2.777776753155695E-1   3.331192003143806E-1  
 1.584893192461140E6    -2.703194492921548E-1   3.732754287777934E-1  -2.938462654900638E1  -2.237184748442670E1  -2.935092512028440E1  -2.244710566968103E1  -2.777000354433506E-1   3.080656261641911E-1  
 1.603245390690068E6    -2.698693296808984E-1   3.571313846701686E-1  -2.946262615059257E1  -2.218836364641540E1  -2.936777050287407E1  -2.238560892317086E1  -2.701955397664305E-1   3.139427401648861E-1  
 1.621810097358957E6    -2.707684335116082E-1   3.511952981638494E-1  -2.947431893536484E1  -2.196246265248320E1  -2.940848876712032E1  -2.217165895341903E1  -2.688129321812953E-1   2.939871794392860E-1  
 1.640589773199567E6    -2.694950903441410E-1   3.225341884073675E-1  -2.951200538626943E1  -2.189036505763825E1  -2.943861539727762E1  -2.198489028348483E1  -2.752515071729149E-1   2.995661936993014E-1  
 1.659586907437589E6    -2.693263191668628E-1   3.378336295027609E-1  -2.952458092763014E1  -2.174887317171849E1  -2.945693741287668E1  -2.185476188528397E1  -2.741349792642210E-1   2.738297497518051E-1  
 1.678804018122589E6    -2.657168661183083E-1   3.227208117202373E-1  -2.955362835165390E1  -2.154443106988082E1  -2.947270461146622E1  -2.163282218024799E1  -2.706091423497334E-1   2.730950949941193E-1  
 1.698243652461773E6    -2.666437620456025E-1   3.071632386854253E-1  -2.957756659650990E1  -2.123177630325080E1  -2.950484965009649E1  -2.149348018348895E1  -2.768011908757423E-1   2.655181216672570E-1  
 1.717908387157617E6    -2.667903797367542E-1   2.932977064605872E-1  -2.958274856226920E1  -2.114430307881568E1  -2.952015477422273E1  -2.132732292693430E1  -2.708191932981087E-1   2.355775145212267E-1  
 1.737800828749405E6    -2.675877445130261E-1   2.752141450054158E-1  -2.962430567819441E1  -2.096211369433162E1  -2.956236136843448E1  -2.132505061398835E1  -2.688518098233425E-1   2.455004138002958E-1  
 1.757923613958723E6    -2.685701693998921E-1   2.632908210805579E-1  -2.964975506540150E1  -2.084732035629052E1  -2.959062124973022E1  -2.101578095943162E1  -2.754841899559661E-1   2.426417092927123E-1  
 1.778279410038954E6    -2.690811738064954E-1   2.693990086695361E-1  -2.965778836031483E1  -2.070937001883336E1  -2.959581106631155E1  -2.080011214695867E1  -2.672833946406182E-1   2.104247134411984E-1  
 1.798870915128819E6    -2.662988092930312E-1   2.368037287387364E-1  -2.968459161293951E1  -2.060947268162689E1  -2.962481774702656E1  -2.078494705017200E1  -2.643966873248290E-1   1.835001092066564E-1  
 1.819700858610015E6    -2.689383255884713E-1   2.239947603123797E-1  -2.971240554067478E1  -2.048586266478553E1  -2.966838673129585E1  -2.056559353083673E1  -2.682999700149259E-1   1.849685563601886E-1  
 1.840772001468988E6    -2.661504272189834E-1   2.227126436148568E-1  -2.975244694989776E1  -2.015764398742124E1  -2.967659212236474E1  -2.044682567791693E1  -2.734962142971080E-1   1.854622909524181E-1  
 1.862087136662900E6    -2.701468682730515E-1   2.175828379874246E-1  -2.977895780905604E1  -2.014146847268955E1  -2.972504647644853E1  -2.030052760274911E1  -2.712089063597763E-1   1.828772790057453E-1  
 1.883649089489834E6    -2.635061496419555E-1   2.068770397319731E-1  -2.981226773485522E1  -2.007157746337936E1  -2.975080565443835E1  -2.014338095084584E1  -2.681245367212532E-1   1.573203747935456E-1  
 1.905460717963281E6    -2.691358683698656E-1   2.062405265098386E-1  -2.983619051973296E1  -1.978481512072361E1  -2.975777282550765E1  -1.995790548671684E1  -2.650640547679191E-1   1.477504615503121E-1  
 1.927524913190970E6    -2.644487842115935E-1   1.850218902488359E-1  -2.982972316062090E1  -1.951641967164295E1  -2.975756775677022E1  -1.993280893763989E1  -2.659569980244904E-1   1.395589267731610E-1  
 1.949844599758080E6    -2.630726386523793E-1   1.495443772843457E-1  -2.987227019938272E1  -1.953994357794126E1  -2.979564549728086E1  -1.970918096245982E1  -2.631163529029446E-1   9.098855143591657E-2  
 1.972422736114889E6    -2.596954278215794E-1   1.410026983209602E-1  -2.989153355891715E1  -1.936601377253345E1  -2.982312926721833E1  -1.946964178312229E1  -2.639554980740447E-1   7.545647278333686E-2  
 1.995262314968915E6    -2.609780613385792E-1   1.391202780202403E-1  -2.991543239190631E1  -1.927711569340796E1  -2.985316103141541E1  -1.937879534305299E1  -2.628810512249207E-1   8.860929626783540E-2  
 2.018366363681597E6    -2.579870011590265E-1   1.141630320641739E-1  -2.993984865581885E1  -1.904786009352555E1  -2.987582993747987E1  -1.921780396791812E1  -2.688501015582672E-1   7.654297064970375E-2  
 2.041737944669566E6    -2.586734677012727E-1   1.174939946770919E-1  -2.997344611119187E1  -1.882878055961594E1  -2.989130152083691E1  -1.902065448061533E1  -2.660156213217089E-1   4.689293044250698E-2  
 2.065380155810567E6    -2.588989395159483E-1   8.639983155140160E-2  -2.999394651149748E1  -1.871988462392643E1  -2.994229239914377E1  -1.879969181297717E1  -2.588809115115311E-1   4.170734809097063E-2  
 2.089296130854078E6    -2.598783978618861E-1   1.068351124449144E-1  -3.001436522160716E1  -1.852391530498472E1  -2.995772011133535E1  -1.865584468609574E1  -2.624654031329381E-1   3.699907862139744E-2  
 2.113489039836686E6    -2.557016543893445E-1   7.502843032230171E-2  -3.002474162595142E1  -1.829464048561406E1  -2.996370968557170E1  -1.850579361892724E1  -2.606191457914719E-1   1.738373367375970E-2  
 2.137962089502272E6    -2.581539744732080E-1   6.107879755693103E-2  -3.005502829331606E1  -1.812170211539367E1  -2.999463552936980E1  -1.846492741352888E1  -2.576404056337925E-1  -9.337757963354659E-3  
 2.162718523727060E6    -2.591265555464004E-1   5.949990325181405E-2  -3.007116380181874E1  -1.792199140227930E1  -3.000308835502742E1  -1.826063236920417E1  -2.561210172137483E-1  -2.429998267036190E-2  
 2.187761623949593E6    -2.564059268831209E-1   3.561691063742160E-2  -3.008954312387330E1  -1.779014153143329E1  -3.003002530827085E1  -1.803851136790058E1  -2.590537324836290E-1  -3.050502913319790E-2  
 2.213094709605679E6    -2.587338467749099E-1   2.866435682334815E-2  -3.009642683916711E1  -1.762907387482846E1  -3.003857812434189E1  -1.788322811322140E1  -2.619449941976756E-1  -2.617014481426928E-2  
 2.238721138568382E6    -2.567948389064096E-1   1.809694354734049E-2  -3.015663408258383E1  -1.751037797379325E1  -3.008634811853368E1  -1.770836055154101E1  -2.597774839821055E-1  -5.112262305394417E-2  
 2.264644307593103E6    -2.558034445871637E-1   4.890888087356217E-3  -3.015546361620296E1  -1.748297558657068E1  -3.009820031478648E1  -1.754163765864037E1  -2.603073726956787E-1  -3.571925298605003E-2  
 2.290867652767817E6    -2.578014630379802E-1  -9.437959766820757E-3  -3.015259638049451E1  -1.712266149467692E1  -3.011445290506648E1  -1.742746220631048E1  -2.626053949211796E-1  -4.038635427035634E-2  
 2.317394649968523E6    -2.556814892894831E-1  -1.781252436336940E-2  -3.017676582174704E1  -1.697009074433611E1  -3.013908094804736E1  -1.725898421470495E1  -2.602191884055971E-1  -8.629670221449705E-2  
 2.344228815319967E6    -2.548748266215020E-1  -2.669881041764370E-2  -3.021707205332913E1  -1.689659173839407E1  -3.015375453955601E1  -1.711983928782916E1  -2.620981074603571E-1  -7.710633262317210E-2  
 2.371373705661701E6    -2.536259732965630E-1  -4.665972000501725E-2  -3.023205177557563E1  -1.677457191754244E1  -3.017848503386518E1  -1.703421593603766E1  -2.604727576823985E-1  -9.868301922122684E-2  
 2.398832919019537E6    -2.556249850898564E-1  -5.220542830055907E-2  -3.024345215692656E1  -1.654638428084014E1  -3.020164659009422E1  -1.677858394248402E1  -2.591247030980496E-1  -1.104443148775398E-1  
 2.426610095082463E6    -2.519560637812367E-1  -7.614673977999560E-2  -3.025905709498690E1  -1.634571056722071E1  -3.021700918668718E1  -1.667243656787872E1  -2.598551010235465E-1  -1.237495903668380E-1  
 2.454708915685078E6    -2.528579660289298E-1  -7.569220758384540E-2  -3.029603159605132E1  -1.621325855587908E1  -3.023575677375118E1  -1.654018910481674E1  -2.583869645657719E-1  -1.307537405675339E-1  
 2.483133105295619E6    -2.540543786501557E-1  -9.782819438289331E-2  -3.029979336932984E1  -1.598441712255379E1  -3.024996797043923E1  -1.632637192531422E1  -2.582010179897900E-1  -1.462405046741624E-1  
 2.511886431509629E6    -2.549153077690344E-1  -1.132736377943511E-1  -3.030881929320040E1  -1.599245978208596E1  -3.026073051998060E1  -1.630428676045542E1  -2.565381174969348E-1  -1.718212168281049E-1  
 2.540972705549355E6    -2.521466353787499E-1  -1.132272237527275E-1  -3.034167466826147E1  -1.581504759248110E1  -3.028133008619769E1  -1.611040025662946E1  -2.557653590280275E-1  -1.801106766923655E-1  
 2.570395782768914E6    -2.530184725650885E-1  -1.238853382537099E-1  -3.035119532565788E1  -1.575677469950169E1  -3.029740473112650E1  -1.615531707217939E1  -2.523861278203584E-1  -1.981667945996260E-1  
 2.600159563165323E6    -2.514780824286870E-1  -1.437066657742717E-1  -3.037174930275909E1  -1.563741831676668E1  -3.032355085722355E1  -1.592090546897692E1  -2.559885913031061E-1  -2.197583645723854E-1  
 2.630267991895434E6    -2.506062623280779E-1  -1.608770685342127E-1  -3.039424801916754E1  -1.563842423060446E1  -3.033460565668218E1  -1.587129689642362E1  -2.539013277210935E-1  -2.103965181764121E-1  
 2.660725059798862E6    -2.497916773520195E-1  -1.541370575397547E-1  -3.042482051432747E1  -1.542885142496092E1  -3.037055295735003E1  -1.577904709706665E1  -2.510653376477224E-1  -2.414864852788669E-1  
 2.691534803926969E6    -2.492447194716076E-1  -1.812227258139145E-1  -3.045729194210531E1  -1.526085972127681E1  -3.040353003324067E1  -1.569389328229278E1  -2.500566645790029E-1  -2.644798401041044E-1  
 2.722701308077966E6    -2.493037111012958E-1  -1.837375931939768E-1  -3.050505982217180E1  -1.518979657364056E1  -3.046106981253967E1  -1.537824410839644E1  -2.468203545122794E-1  -2.826990200259157E-1  
 2.754228703338221E6    -2.504407445017972E-1  -2.084445035837100E-1  -3.055148063637389E1  -1.491611283677425E1  -3.048627549387493E1  -1.512012227529968E1  -2.504585101175427E-1  -2.834944144045071E-1  
 2.786121168629826E6    -2.462704683756971E-1  -2.304423743044472E-1  -3.054576216241825E1  -1.452316592749659E1  -3.052024170423692E1  -1.490410219357373E1  -2.522044319638477E-1  -2.966129952528712E-1  
 2.818382931264510E6    -2.478664155379627E-1  -2.346201341551357E-1  -3.057989827849246E1  -1.437207229092851E1  -3.053992936834203E1  -1.459232685904187E1  -2.532625480571543E-1  -3.262629962045657E-1  
 2.851018267503967E6    -2.491412004392946E-1  -2.521276456143259E-1  -3.057967052958943E1  -1.405184553501936E1  -3.053732250270365E1  -1.440282055138681E1  -2.519817625510770E-1  -3.231270718652867E-1  
 2.884031503126664E6    -2.430397642602534E-1  -2.864223966846160E-1  -3.059370725067271E1  -1.389750008189690E1  -3.054878972312546E1  -1.435114156968780E1  -2.484640610727399E-1  -3.650040526886502E-1  
 2.917427014001226E6    -2.486124193565842E-1  -2.790467671797148E-1  -3.060287406238223E1  -1.371238251882256E1  -3.056492616493428E1  -1.407061465356469E1  -2.513409816114093E-1  -3.795041154659432E-1  
 2.951209226666446E6    -2.467724459186136E-1  -2.992644698508460E-1  -3.062404655585432E1  -1.361382645298762E1  -3.058368044082829E1  -1.386646300283969E1  -2.489331718131296E-1  -3.819781081609581E-1  
 2.985382618918021E6    -2.465451627521401E-1  -3.004133002891777E-1  -3.063545158220461E1  -1.336572231395418E1  -3.059279527777594E1  -1.357717145780501E1  -2.516882462826907E-1  -3.855073865985761E-1  
 3.019951720402078E6    -1.931435286634736E-1  -4.666423343124333E-1  -3.061763696953268E1  -1.328587501091621E1  -3.061905541426283E1  -1.349906834990847E1  -2.591297638789450E-1  -3.871607926466604E-1  
 3.054921113215576E6    -2.018108138550778E-1  -4.502993519960277E-1  -3.064836497858410E1  -1.308173990509322E1  -3.063427964280423E1  -1.340130662705631E1  -2.580920701774095E-1  -4.067188103270026E-1  
 3.090295432513655E6    -2.029511429508285E-1  -4.565688800563040E-1  -3.065150347123745E1  -1.299787950382012E1  -3.063775977686897E1  -1.331994882933121E1  -2.498224776180852E-1  -4.452333663676523E-1  
 3.126079367124020E6    -2.023471539700438E-1  -4.542354285901666E-1  -3.065557862122387E1  -1.279929299086761E1  -3.066078659332127E1  -1.314481930797399E1  -2.541263816145879E-1  -4.428481755161070E-1  
 3.162277660168446E6    -2.128110547804770E-1  -4.809884722146643E-1  -3.068716865680504E1  -1.264778215864181E1  -3.065270228728481E1  -1.288779232530428E1  -2.549244223024010E-1  -4.749482522950961E-1  
 3.198895109691465E6    -2.178563972912865E-1  -4.711431416257486E-1  -3.069876706010061E1  -1.263085592727319E1  -3.069058021592518E1  -1.295062998122422E1  -2.443813116833497E-1  -4.782659992789337E-1  
 3.235936569296351E6    -2.131987671879677E-1  -4.819389973214008E-1  -3.070359061066102E1  -1.233693697771899E1  -3.070278323167965E1  -1.256469940763662E1  -2.505298572265203E-1  -5.007951351537976E-1  
 3.273406948788451E6    -2.263229909329076E-1  -4.740113851716115E-1  -3.074432219939972E1  -1.208573809445170E1  -3.071040412167567E1  -1.229797902788784E1  -2.487928114299408E-1  -5.338778736532257E-1  
 3.311311214825981E6    -2.163307274156676E-1  -5.052755196746374E-1  -3.074106848059302E1  -1.174286433605403E1  -3.071462081606532E1  -1.220813530793935E1  -2.456084394624290E-1  -5.394758132755276E-1  
 3.349654391578348E6    -2.267268842372470E-1  -5.035836966827673E-1  -3.075296089946919E1  -1.163897196266835E1  -3.075052505623606E1  -1.195065178150121E1  -2.493360371546295E-1  -5.422749785879040E-1  
 3.388441561392098E6    -2.250738539806085E-1  -5.287993091958582E-1  -3.077842721117730E1  -1.160279418720524E1  -3.075162263686993E1  -1.177844118865846E1  -2.481139389907894E-1  -5.683097868046775E-1  
 3.427677865464577E6    -2.243307827444096E-1  -5.128242619109972E-1  -3.078267992112982E1  -1.136951835779025E1  -3.075836171724696E1  -1.177423518403737E1  -2.379924862936041E-1  -6.085250011019502E-1  
 3.467368504525391E6    -2.208118937177094E-1  -5.508228327803094E-1  -3.080109415656128E1  -1.126020770188292E1  -3.079269762669292E1  -1.156156454593293E1  -2.434432979901158E-1  -6.231796808298750E-1  
 3.507518739525756E6    -2.243346376167608E-1  -5.512238877815934E-1  -3.080987551873377E1  -1.112084436229191E1  -3.080007799200154E1  -1.143951268426395E1  -2.479649932758428E-1  -6.398316119463452E-1  
 3.548133892335832E6    -2.240299639883005E-1  -5.752757156074674E-1  -3.082049259125759E1  -1.098490392199594E1  -3.082221014872395E1  -1.118140623165802E1  -2.502526771166095E-1  -6.132896420017554E-1  
 3.589219346450131E6    -2.264956789317911E-1  -6.013958813150763E-1  -3.086346504945363E1  -1.079301878871924E1  -3.082361850797518E1  -1.103230640106248E1  -2.415844034003415E-1  -6.578804610736773E-1  
 3.630780547701093E6    -2.250932418327790E-1  -5.937401910862244E-1  -3.082579411789580E1  -1.061798828517612E1  -3.083544033927844E1  -1.096943661744475E1  -2.477960705835454E-1  -6.702854571534077E-1  
 3.672823004980927E6    -2.314839176030570E-1  -5.957508103610628E-1  -3.084409366293953E1  -1.040372839705918E1  -3.083422744495379E1  -1.069412595528207E1  -2.521467917301035E-1  -6.937171645286703E-1  
 3.715352290971807E6    -2.287171901622452E-1  -6.199027724842657E-1  -3.089541915484502E1  -1.033900405543987E1  -3.086819008503725E1  -1.059040729592228E1  -2.456482805772194E-1  -7.071410995132695E-1  
 3.758374042884525E6    -2.326712618816573E-1  -6.472269542699030E-1  -3.087521041174350E1  -1.015665363114343E1  -3.087034081666203E1  -1.037841656579058E1  -2.552386334542937E-1  -7.115807664082102E-1  
 3.801893963205697E6    -2.305098110400471E-1  -6.748407177117018E-1  -3.089429370753591E1  -9.945001135086571    -3.091540906344276E1  -1.026670755255121E1  -2.453259653668176E-1  -7.400136566883629E-1  
 3.845917820453621E6    -2.320363582948028E-1  -6.971280022156727E-1  -3.091093909253789E1  -9.842063576924305    -3.088945890807467E1  -1.012021966455745E1  -2.501770404588953E-1  -7.452110486099295E-1  
 3.890451449942893E6    -2.332718017326746E-1  -6.706535836854475E-1  -3.091930834161194E1  -9.723549042487916    -3.092501522706489E1  -9.933594216661179    -2.453184339647765E-1  -7.869772694789206E-1  
 3.935500754557863E6    -2.372738435682400E-1  -6.904372468380722E-1  -3.094445265674602E1  -9.634777113848097    -3.094440282472460E1  -9.939646303625933    -2.474726775617714E-1  -7.740110767544610E-1  
 3.981071705535062E6    -2.282552521261536E-1  -7.338769193983824E-1  -3.096799785103654E1  -9.432662191868090    -3.094044396163006E1  -9.661614414687211    -2.400325803845829E-1  -8.231186925375148E-1  
 4.027170343254682E6    -2.359875609462173E-1  -7.255304390036355E-1  -3.097831555522599E1  -9.343077315294096    -3.096564820173344E1  -9.548472224993569    -2.401689609480828E-1  -8.213529854245744E-1  
 4.073802778041219E6    -2.364166620850177E-1  -7.512560734189661E-1  -3.100145772019784E1  -9.107670265309706    -3.099559562121394E1  -9.344192860895072    -2.412320105101732E-1  -8.481049007230070E-1  
 4.120975190973396E6    -2.374689630938810E-1  -7.475789576884032E-1  -3.101857118990476E1  -8.796963198362532    -3.101019262071254E1  -8.993896652503526    -2.480266646616310E-1  -8.423084445267596E-1  
 4.168693834703449E6    -2.304871462700455E-1  -7.904759762472393E-1  -3.103778835813728E1  -8.653829505268607    -3.101811416487268E1  -8.844991393680433    -2.442096244389349E-1  -8.463711376101747E-1  
 4.216965034285919E6    -2.251060910221570E-1  -8.166561693340370E-1  -3.103860112586229E1  -8.398541830427680    -3.102936910675675E1  -8.711087928946538    -2.385214424208318E-1  -9.077652611422303E-1  
 4.265795188016024E6    -2.337694171519925E-1  -8.431194732875248E-1  -3.103511840541870E1  -8.263708258828228    -3.102734104384054E1  -8.489507902247956    -2.396696781483533E-1  -9.433248893889051E-1  
 4.315190768277751E6    -2.244194388223701E-1  -8.751212507712775E-1  -3.106620925460438E1  -8.132542056130561    -3.105248180506996E1  -8.376067974144180    -2.420673664675964E-1  -9.596134382253441E-1  
 4.365158322401760E6    -2.291485668924886E-1  -8.681856747307909E-1  -3.107571522552181E1  -8.021388770390363    -3.107971230455171E1  -8.065257807771740    -2.417311285225978E-1  -9.548912865937705E-1  
 4.415704473533227E6    -2.318215303735577E-1  -8.880555487484824E-1  -3.108914297565396E1  -7.654118807637213    -3.108457642685557E1  -7.920311192450033    -2.434934714006261E-1  -9.831712934646675E-1  
 4.466835921509734E6    -2.357807587670965E-1  -9.018846599686197E-1  -3.108585175984966E1  -7.538783767101711    -3.110747221872467E1  -7.593911460901855    -2.479311961196991E-1  -9.853459465285477E-1  
 4.518559443749328E6    -2.250063117941142E-1  -9.147277287048143E-1  -3.111519223415777E1  -7.358143512339328    -3.109062228414248E1  -7.568244089781896    -2.376660690114578E-1  -1.016720515091231  
 4.570881896148857E6    -2.344515488329822E-1  -9.035679387085501E-1  -3.110486129662687E1  -7.154451088303197    -3.109825743489911E1  -7.286576412335768    -2.455988059765102E-1  -1.016178134279024  
 4.623810213992711E6    -2.303565978765353E-1  -9.313417410042834E-1  -3.112102218788707E1  -6.952292184602945    -3.109173954844746E1  -7.256471844662117    -2.390983391563414E-1  -1.055320901640362  
 4.677351412872092E6    -2.367817139376499E-1  -9.428116497685867E-1  -3.112981419211843E1  -6.825046588873929    -3.111997967276886E1  -6.980439328685590    -2.387506747722960E-1  -1.096669649714927  
 4.731512589614917E6    -2.265334465124298E-1  -1.005979602207406     -3.113648008793999E1  -6.651997044202289    -3.114113391531966E1  -6.829270658068456    -2.418528846363831E-1  -1.138528434093269  
 4.786300923226497E6    -2.386783950695175E-1  -9.961021740156537E-1  -3.114654856573273E1  -6.353416877704539    -3.113094954343037E1  -6.534872032080826    -2.425519926767624E-1  -1.111526078991326  
 4.841723675841109E6    -2.345064992100190E-1  -1.041777045452238     -3.115714130335313E1  -6.260124637375032    -3.114692377542310E1  -6.458731981675652    -2.419450763184279E-1  -1.140973915200786  
 4.897788193684579E6    -2.280029374894499E-1  -1.039631329284034     -3.116994483075208E1  -5.981750280977790    -3.116656919578410E1  -6.322168401378984    -2.397379893136037E-1  -1.171196206888991  
 4.954501908048021E6    -2.338379311244066E-1  -1.058016068328930     -3.117167519576340E1  -5.852252587496994    -3.114618355651027E1  -6.029034212501697    -2.367829467788965E-1  -1.198555420153856  
 5.011872336272843E6    -2.302489512001116E-1  -1.096697195882942     -3.118149617318115E1  -5.730659841920595    -3.116797023253280E1  -5.869641352507439    -2.393838586970414E-1  -1.224968756298577  
 5.069907082747166E6    -2.301767490021849E-1  -1.093906749162498     -3.118845164679572E1  -5.377956857437788    -3.117301596378784E1  -5.807649665180034    -2.318410344375859E-1  -1.259940583251344  
 5.128613839913772E6    -2.348027634786999E-1  -1.123144096627929     -3.119947506002858E1  -5.302661217293557    -3.118765194675380E1  -5.544724875999405    -2.385244094527870E-1  -1.272745879894019  
 5.188000389289737E6    -2.410009177236741E-1  -1.117336146105657     -3.120882367834006E1  -5.043382084870685    -3.118820325187586E1  -5.328992236824107    -2.356765227695095E-1  -1.296285944072342  
 5.248074602497853E6    -2.337572981884256E-1  -1.122114450754020     -3.121020178306712E1  -4.896084811156403    -3.119730141423380E1  -5.068257912660182    -2.350039199487243E-1  -1.297543752792671  
 5.308844442310013E6    -2.337806231171377E-1  -1.157589097112019     -3.122552582297065E1  -4.845508656836619    -3.119827398070699E1  -5.044736745390659    -2.335022727771571E-1  -1.318841432669766  
 5.370317963702658E6    -2.363856378776015E-1  -1.198830068858020     -3.122478997955892E1  -4.531916381452870    -3.120403843066730E1  -4.739491101027484    -2.353699803864816E-1  -1.341729055171456  
 5.432503314924465E6    -2.321991802074384E-1  -1.216705657515933     -3.123269751591281E1  -4.482017623139311    -3.121598150693007E1  -4.642981261853212    -2.401110363286156E-1  -1.356953540389418  
 5.495408738576380E6    -2.345627047195907E-1  -1.213358479575170     -3.124193691830740E1  -4.233672387104668    -3.122913632150237E1  -4.501514514009217    -2.363499605327394E-1  -1.380048673252752  
 5.559042572704172E6    -2.357899124091455E-1  -1.241765009340408     -3.124409340982577E1  -4.061574097210593    -3.122998627461699E1  -4.248706234799804    -2.461643322714302E-1  -1.419273123698656  
 5.623413251903629E6    -2.307734769327454E-1  -1.266362370064076     -3.125512372175793E1  -3.826584758597531    -3.123066612395267E1  -4.138276830368467    -2.364320294050510E-1  -1.416119084161480  
 5.688529308438554E6    -2.326477565995385E-1  -1.299560154156324     -3.126447635139922E1  -3.780101135732687    -3.122549745285995E1  -3.909499722762833    -2.314446484257982E-1  -1.441369919589983  
 5.754399373371711E6    -2.249076958571508E-1  -1.329491152069409     -3.126726602958361E1  -3.551573435973521    -3.125735687969027E1  -3.750084801288622    -2.368751773385007E-1  -1.483029173703941  
 5.821032177708858E6    -2.293763892511445E-1  -1.331840632042838     -3.127632053937814E1  -3.292805166647433    -3.126834851141016E1  -3.579097166625216    -2.364583318143924E-1  -1.512466877443658  
 5.888436553556035E6    -2.257654114198862E-1  -1.371158414509229     -3.127321644711907E1  -3.215249479909675    -3.125924285781593E1  -3.408835704292164    -2.347770579049103E-1  -1.520481719463890  
 5.956621435290252E6    -2.279795626073938E-1  -1.374774532016014     -3.128941300310342E1  -2.955490371035333    -3.125244255397445E1  -3.158503717087289    -2.345215465774247E-1  -1.519583505230538  
 6.025595860743727E6    -2.305168519389000E-1  -1.418392306897401     -3.127984136031304E1  -2.838615038091212    -3.126858695452908E1  -3.011052484353924    -2.390287282288356E-1  -1.570009375720683  
 6.095368972401843E6    -2.350229860830968E-1  -1.413270527440201     -3.130260354411928E1  -2.623034023525155    -3.127685710585647E1  -2.841456332224653    -2.320892117586350E-1  -1.595847411708216  
 6.165950018614975E6    -2.333344475268729E-1  -1.444330873706549     -3.131834146893103E1  -2.461710433810481    -3.129463952543407E1  -2.671132915768876    -2.390890003245956E-1  -1.621042941619676  
 6.237348354824347E6    -2.286366520524765E-1  -1.474900160710834     -3.131230944586399E1  -2.130106377824187    -3.129134528810104E1  -2.395040315179006    -2.314431429457383E-1  -1.643446169416711  
 6.309573444802090E6    -2.300200611334254E-1  -1.475903635070212     -3.132143235167062E1  -1.995174066730733    -3.128863792628933E1  -2.207698809030144    -2.341494832860452E-1  -1.689043820827671  
 6.382634861905647E6    -2.339661855349416E-1  -1.528526537000368     -3.132013822963963E1  -1.757196346975724    -3.128142012553398E1  -1.977107773237650    -2.354928866506002E-1  -1.721641379851478  
 6.456542290346718E6    -2.337606405179791E-1  -1.529885280925753     -3.131729931667137E1  -1.586143477068576    -3.129578936565161E1  -1.776411602580439    -2.294129837384869E-1  -1.727275141917691  
 6.531305526474888E6    -2.299595651328278E-1  -1.556193614962715     -3.132082682219015E1  -1.433235566253720    -3.130786992499349E1  -1.562236895489725    -2.326801819750627E-1  -1.751623448256958  
 6.606934480076128E6    -2.310258404025015E-1  -1.582968433996500     -3.133614717040495E1  -1.232944327316371    -3.130150408001367E1  -1.497990459609763    -2.329354591062675E-1  -1.787878709399303  
