 6.683439175686316E6    -2.307388589834207E-1  -1.609354528611783  -3.132307193696440E1  -9.858406487334973E-1  -3.130971048330062E1  -1.324626783209633     -2.339038446595807E-1  -1.816105368535067  
 6.760829753919990E6    -2.341634642044075E-1  -1.627049472965962  -3.134199390858845E1  -7.759582638048448E-1  -3.130398083521539E1  -1.071660710319968     -2.290807206666181E-1  -1.831587827316088  
 6.839116472814468E6    -2.280952415596453E-1  -1.672434584499608  -3.134920483892963E1  -6.006829063469036E-1  -3.129998976426722E1  -8.835587120392837E-1  -2.290130545818122E-1  -1.861861070265939  
 6.918309709189542E6    -2.329522903631391E-1  -1.668942943997231  -3.134376379910141E1  -4.686891272434837E-1  -3.131699858103170E1  -6.186227558122541E-1  -2.281705087632950E-1  -1.897064348700692  
 6.998419960022914E6    -2.292866399623162E-1  -1.714498030278615  -3.133759171482706E1  -2.831378892118410E-1  -3.130246038940954E1  -4.360583299613208E-1  -2.312283179100944E-1  -1.902776002162059  
 7.079457843841561E6    -2.305641927849286E-1  -1.708731395260006  -3.134800074410510E1  -1.166165273590361E-1  -3.131038512483530E1  -3.380517762508949E-1  -2.353594610783919E-1  -1.937777020149658  
 7.161434102129205E6    -2.237568112568290E-1  -1.785471937294560  -3.135759256539807E1   1.347818550005528E-1  -3.131079685612489E1  -4.515570521280004E-2  -2.326329682603532E-1  -1.953835540914574  
 7.244359600750088E6    -2.300574669576258E-1  -1.771862692871344  -3.135729153203513E1   2.803696484949107E-1  -3.131065817679766E1   5.205614920836176E-2  -2.328192810869184E-1  -1.990313003354712  
 7.328245331389231E6    -2.354181702615090E-1  -1.806603027752479  -3.135373531893560E1   4.869049624094807E-1  -3.131464365526903E1   2.356416182515231E-1  -2.373815522967453E-1  -2.016441109803818  
 7.413102413009368E6    -2.283835519030070E-1  -1.847419477050235  -3.136301618946204E1   7.246052331335177E-1  -3.133229897508577E1   4.331331978158269E-1  -2.324722397147453E-1  -2.046701669160977  
 7.498942093324754E6    -2.266641496084281E-1  -1.844106768044861  -3.137104272882349E1   8.877763947105984E-1  -3.132334219355685E1   7.237933110248598E-1  -2.263990925987237E-1  -2.089872109878363  
 7.585775750292036E6    -2.310827479965704E-1  -1.889169210565716  -3.137801790145242E1   1.143117749250252     -3.133056588052408E1   9.520180245588622E-1  -2.282532788094071E-1  -2.117606705632410  
 7.673614893618390E6    -2.328148636661382E-1  -1.874026921911926  -3.135842223219276E1   1.333343764670844     -3.132501141866137E1   1.190391007976805     -2.283692692939927E-1  -2.133668678803865  
 7.762471166287120E6    -2.298487746426810E-1  -1.968231033261144  -3.136386020493039E1   1.623799081378022     -3.131285830938567E1   1.355930301980914     -2.336607867148530E-1  -2.165964645481375  
 7.852356346100924E6    -2.280122978060266E-1  -1.993580755385513  -3.135142826888561E1   1.773659055397181     -3.133428796792301E1   1.563556312582841     -2.300068941500680E-1  -2.184155542112805  
 7.943282347243024E6    -2.303395555846188E-1  -2.000473548752447  -3.135250083623390E1   1.940066136522406     -3.131681700565839E1   1.732642209976000     -2.304641753552701E-1  -2.222057250797288  
 8.035261221856385E6    -2.274534609772006E-1  -2.022778223220298  -3.135970600408910E1   2.190752121642265     -3.131670286361154E1   1.986891315720093     -2.297187659192208E-1  -2.247157638799432  
 8.128305161641208E6    -2.259680084726566E-1  -2.046331137437004  -3.135597016713327E1   2.326352370243261     -3.130559713303222E1   2.139118339862538     -2.328341675855717E-1  -2.296016754753931  
 8.222426499470930E6    -2.252643599500876E-1  -2.082855778450004  -3.135709695378023E1   2.577368603192155     -3.131464674695904E1   2.308799125131779     -2.269396629868195E-1  -2.337574432653794  
 8.317637711026931E6    -2.342724208544323E-1  -2.102640409794000  -3.135650134417122E1   2.810669000638378     -3.130644979966405E1   2.562653760780398     -2.304823709882148E-1  -2.333742176998812  
 8.413951416452175E6    -2.271871438431242E-1  -2.148371760665312  -3.134098803552288E1   2.999823822393930     -3.131397995746416E1   2.778435700241645     -2.343041900109648E-1  -2.355339393552651  
 8.511380382023992E6    -2.284161185282650E-1  -2.170077357004788  -3.134001578113824E1   3.180751086477211     -3.131992251472336E1   2.905588138199543     -2.295567761527066E-1  -2.417713867765744  
 8.609937521846237E6    -2.278545627367438E-1  -2.215959430563956  -3.133913770795688E1   3.415337147204592     -3.130392384497776E1   3.176417498397603     -2.309336777185679E-1  -2.471433259941792  
 8.709635899561040E6    -2.264993362348984E-1  -2.239693187634193  -3.134040119265310E1   3.676936864327299     -3.130241743489800E1   3.422885114760870     -2.275884750368983E-1  -2.470152565612339  
 8.810488730080377E6    -2.290508730736402E-1  -2.265191752525827  -3.133605752425158E1   3.861765738486214     -3.130315033785507E1   3.567251409063357     -2.326418927759411E-1  -2.497278325741052  
 8.912509381337695E6    -2.267374509282109E-1  -2.299203299451199  -3.132730998086032E1   4.048597095556628     -3.131078699476106E1   3.781861396444440     -2.291202650450530E-1  -2.524051249787349  
 9.015711376059812E6    -2.336199352379518E-1  -2.296423835881507  -3.133929349665369E1   4.239795797647955     -3.129543831197961E1   3.997177770945687     -2.289672980507675E-1  -2.572980390224905  
 9.120108393559344E6    -2.294660600824004E-1  -2.341065301284375  -3.133145568621456E1   4.396233311155686     -3.128204461229361E1   4.138511284293676     -2.323623714582206E-1  -2.602467917539636  
 9.225714271547882E6    -2.316840414445404E-1  -2.380537561747206  -3.133726208909818E1   4.640091288227398     -3.127744813090771E1   4.387128619240809     -2.312492010512667E-1  -2.648283259540395  
 9.332543007970164E6    -2.297689191871876E-1  -2.437523464530814  -3.131782079312630E1   4.830779667141403     -3.128281824095507E1   4.604643069122009     -2.354147496556835E-1  -2.689179619424097  
 9.440608762859490E6    -2.254188829222900E-1  -2.449328593458258  -3.131217980393248E1   5.081957639928928     -3.126623089523080E1   4.699350751094761     -2.281423055685582E-1  -2.693744044241593  
 9.549925860214619E6    -2.279436617688778E-1  -2.487040517556321  -3.131507175651808E1   5.287593171165890     -3.126735138139825E1   4.991261904362301     -2.299223226887661E-1  -2.731826004804528  
 9.660508789898397E6    -2.244172231221144E-1  -2.497529751048123  -3.132246276815513E1   5.432976223716858     -3.125838979180850E1   5.198575846524381     -2.301320917027112E-1  -2.793944874834387  
 9.772372209558373E6    -2.331119746504244E-1  -2.532921592332285  -3.130810818198582E1   5.608894027485419     -3.126246035693744E1   5.506279607056634     -2.290031472127029E-1  -2.823796659336169  
 9.885530946569659E6    -2.296171138102906E-1  -2.561219764005853  -3.130734081097797E1   5.881946483564527     -3.124423877191244E1   5.547925900461930     -2.330413232898291E-1  -2.852772536469736  
 1.000000000000027E7    -2.293830966795953E-1  -2.693388025115511  -3.130776453322792E1   6.131879569187669     -3.132290425573358E1   5.870918955829058     -2.224535240545300E-1  -2.930003491327378  
 1.011579454259926E7    -2.320313345261771E-1  -2.541413693828607  -3.131418756134178E1   6.375533787235523     -3.125374633061293E1   6.274811921888914     -2.319305163463645E-1  -3.007388745534882  
 1.023292992280782E7    -2.423968773051918E-1  -2.538323793938995  -3.127878510076405E1   6.414398321483749     -3.125573323733028E1   6.382403279901449     -2.329332632552365E-1  -3.031422449036381  
 1.035142166679372E7    -2.169495758290187E-1  -2.671760189516927  -3.131536664185033E1   6.810532302117142     -3.125771230482409E1   6.606802288930569     -2.249645781150724E-1  -3.051075572251894  
 1.047128548050928E7    -2.475676299075607E-1  -2.734108473115857  -3.129746008440491E1   7.150834940604304     -3.127492269690276E1   6.826112577538040     -2.307911288704351E-1  -3.031555704648770  
 1.059253725177318E7    -2.294832644269802E-1  -2.698142634795960  -3.123781648550158E1   7.165936409085561     -3.122184854954756E1   6.900308004309978     -2.147455507247713E-1  -3.030547415106193  
 1.071519305237636E7    -2.345098606882954E-1  -2.699279741225906  -3.127853939277491E1   7.522107058850996     -3.122239629197443E1   7.405414907840124     -2.228034959715496E-1  -3.164324849033600  
 1.083926914021234E7    -2.285947595260935E-1  -2.914049688947302  -3.122253171636104E1   7.412498964635555     -3.124229414137810E1   7.520416806775527     -2.271056894369900E-1  -3.217660060395193  
 1.096478196143215E7    -2.196859053611031E-1  -2.844518782914818  -3.125043704161127E1   7.648241414779698     -3.122631833759922E1   7.996132505367453     -2.275756072947821E-1  -3.190763867184750  
 1.109174815262432E7    -2.299414114580572E-1  -2.956229286913501  -3.124477888926031E1   8.048564323264857     -3.120707248554264E1   7.948700467782317     -2.232546554923426E-1  -3.275060734490127  
 1.122018454301995E7    -2.295093347716031E-1  -2.876608050195574  -3.123621917026149E1   8.378939229587155     -3.118977860825891E1   8.046648556033905     -2.317459710967177E-1  -3.182757110966514  
 1.135010815672347E7    -2.285898574173963E-1  -2.982032631320933  -3.120483734877785E1   8.870158066289806     -3.119732181379284E1   8.434920668694813     -2.347743437128984E-1  -3.416200793593683  
 1.148153621496915E7    -2.275359521306136E-1  -3.047109853073107  -3.119858401461331E1   8.795671974326430     -3.118440492338176E1   8.539347557052430     -2.247839555399725E-1  -3.433140165562627  
 1.161448613840375E7    -2.249243830417079E-1  -3.139384255559435  -3.119566949950104E1   8.972681577631189     -3.115779191495182E1   8.840601975964530     -2.415310370248555E-1  -3.397686197479688  
 1.174897554939563E7    -2.304835274742637E-1  -3.059790171592583  -3.117070349978436E1   9.382727572077467     -3.119734989759192E1   8.947510782268891     -2.458122783355029E-1  -3.489481571857435  
 1.188502227437052E7    -2.309092421331451E-1  -3.146947330345631  -3.120060902149610E1   9.423871468691692     -3.119133430279152E1   8.992274203384625     -2.349334876003482E-1  -3.572064305294812  
 1.202264434617447E7    -2.287858285611346E-1  -3.223013567744167  -3.120775889356381E1   9.584988570124569     -3.114611685758821E1   9.512383430025468     -2.240763776858648E-1  -3.570123252190077  