 1.216186000646402E7    -2.355970503823699E-1  -3.238336227001238  -3.117215926895340E1   1.007264333259080E1  -3.112959233515916E1   9.422792893439166    -2.284381778268551E-1  -3.665444925351707  
 1.230268770812416E7    -2.217780533810480E-1  -3.167477716051288  -3.113894538549787E1   1.008134897884926E1  -3.113275279288465E1   9.805863695354205    -2.318672904186515E-1  -3.614167256875389  
 1.244514611771420E7    -2.320793187621631E-1  -3.253613719214499  -3.112974886887120E1   1.033294634077855E1  -3.111243155506355E1   9.993860382682826    -2.371343776236355E-1  -3.661408507056967  
 1.258925411794203E7    -2.275650923924422E-1  -3.380134893177069  -3.114461505632032E1   1.034496493664151E1  -3.111405065161314E1   1.032719780841481E1  -2.278062057402938E-1  -3.700734387763108  
 1.273503081016698E7    -2.344163720127400E-1  -3.352418256020318  -3.113826208022023E1   1.077384465813840E1  -3.106525811816406E1   1.044718473658611E1  -2.277584280091908E-1  -3.745905732721644  
 1.288249551693171E7    -2.340914965890917E-1  -3.484784538834041  -3.113454713218069E1   1.078980298130090E1  -3.110594216104326E1   1.047351211105031E1  -2.289930084328998E-1  -3.889161876214787  
 1.303166778452337E7    -2.259033359285984E-1  -3.502101690045296  -3.109321537604070E1   1.105778710722503E1  -3.107404201417599E1   1.086142281817487E1  -2.172578142980620E-1  -3.791096068047573  
 1.318256738556445E7    -2.337247167343456E-1  -3.492069707030019  -3.113855891859464E1   1.133954001881996E1  -3.103317521085462E1   1.120094906334600E1  -2.333418975298239E-1  -3.937038802763602  
 1.333521432163362E7    -2.156364434430629E-1  -3.430252431069923  -3.107463376990853E1   1.153304569466654E1  -3.105098937188118E1   1.119597126990815E1  -2.363874663354809E-1  -3.926997130300096  
 1.348962882591692E7    -2.132491076205961E-1  -3.532940909552561  -3.108116407103388E1   1.196213722583627E1  -3.105944740082358E1   1.151426317524499E1  -2.423811271586267E-1  -4.035445674525578  
 1.364583136588964E7    -2.302878352743522E-1  -3.665857549907844  -3.105358229398538E1   1.197973162909573E1  -3.103350251969594E1   1.179339705892153E1  -2.409648508409979E-1  -4.078816876200032  
 1.380384264602925E7    -2.196771846357108E-1  -3.670132215466277  -3.105800642741391E1   1.238620488857641E1  -3.101187082060942E1   1.187241312937244E1  -2.414956514085000E-1  -4.024665315973948  
 1.396368361055978E7    -2.234017782164318E-1  -3.697310337927787  -3.105677689433326E1   1.248184653481748E1  -3.099145677597799E1   1.229551005982774E1  -2.276134382959011E-1  -4.177819406460433  
 1.412537544622795E7    -2.246774169693703E-1  -3.704628052892829  -3.103209545649875E1   1.258868484433369E1  -3.098916288285216E1   1.219369598642853E1  -2.387247765281013E-1  -4.144726698946307  
 1.428893958511145E7    -2.266271087685031E-1  -3.875872602708799  -3.102748858915412E1   1.290900976816204E1  -3.097655825242643E1   1.234469830782931E1  -2.327301120675811E-1  -4.184263173983271  
 1.445439770745970E7    -2.299639572920778E-1  -3.759170168521640  -3.100027370658234E1   1.332154463123170E1  -3.094880629062877E1   1.278911656176924E1  -2.344300365583384E-1  -4.274375994305006  
 1.462177174456761E7    -2.284282365037084E-1  -3.924672118077529  -3.095920374145058E1   1.352479445267817E1  -3.092929392988468E1   1.288227847315440E1  -2.209010250335113E-1  -4.284989335043294  
 1.479108388168251E7    -2.319789929687686E-1  -3.975466434526608  -3.094596801128756E1   1.352195827589261E1  -3.092991068496940E1   1.327291604777456E1  -2.232595569311097E-1  -4.339641860077496  
 1.496235656094477E7    -2.207673588857491E-1  -4.020880978291858  -3.094211521471264E1   1.384364740628789E1  -3.090927260312960E1   1.358205143028234E1  -2.126415264992245E-1  -4.471522734875692  
 1.513561248436253E7    -2.297930635551482E-1  -4.037727725167865  -3.093586465820888E1   1.406213406741623E1  -3.089006804990832E1   1.364430301067204E1  -2.322994940055104E-1  -4.560641380698645  
 1.531087461682075E7    -2.221155253044715E-1  -4.127238809919216  -3.090994494715821E1   1.421187902873971E1  -3.089997623655613E1   1.409676792376609E1  -2.277551148884712E-1  -4.559460251208921  
 1.548816618912527E7    -2.168516878446056E-1  -4.184106375086961  -3.088989502539671E1   1.460812222192735E1  -3.084334265536313E1   1.400320142513632E1  -2.297561725969154E-1  -4.648849897235383  
 1.566751070108196E7    -2.323013926169260E-1  -4.152610682903092  -3.092618235347965E1   1.467934979648327E1  -3.084866568576787E1   1.438972144313900E1  -2.288088312615664E-1  -4.659018213419714  
 1.584893192461161E7    -2.256387701024464E-1  -4.165632685230082  -3.086613451488291E1   1.483626832598854E1  -3.082360351119409E1   1.421060475097703E1  -2.300111335953035E-1  -4.856241663739906  
 1.603245390690089E7    -2.224492740793977E-1  -4.260959420330948  -3.086633565528176E1   1.521223992421173E1  -3.084112783122914E1   1.468876648296166E1  -2.312287041166618E-1  -4.734918331873662  
 1.621810097358979E7    -2.338290265916498E-1  -4.347596896838606  -3.083582658680281E1   1.555157828921165E1  -3.082239287232694E1   1.485106345040610E1  -2.379942256733283E-1  -4.778924824286520  
 1.640589773199588E7    -2.200893224715037E-1  -4.468819719060663  -3.082193397017155E1   1.551561766770295E1  -3.079309463737290E1   1.518049555996542E1  -2.357421834362353E-1  -4.837958001984020  
 1.659586907437610E7    -2.194756426059348E-1  -4.400704144230371  -3.078508066525721E1   1.602764162974864E1  -3.079543568321708E1   1.545492634935352E1  -2.291004691306752E-1  -4.931945441521929  
 1.678804018122611E7    -2.231270658552128E-1  -4.447888625308311  -3.078241623570951E1   1.626625848060941E1  -3.073936819636780E1   1.562524182437578E1  -2.181101325197599E-1  -5.080280688171011  
 1.698243652461796E7    -2.321382579536735E-1  -4.528513966453047  -3.077699723417612E1   1.628189834258181E1  -3.071624195164468E1   1.586731693403185E1  -2.378363161453729E-1  -4.936867159018691  
 1.717908387157640E7    -2.263890474886307E-1  -4.675259469353971  -3.074630916450068E1   1.633440712619140E1  -3.071687545879085E1   1.607732606306448E1  -2.404098526224603E-1  -5.033231276430051  
 1.737800828749428E7    -2.308772028702241E-1  -4.593097610171541  -3.071948178424347E1   1.674517477750915E1  -3.072366266823449E1   1.635087242685536E1  -2.207575053565153E-1  -5.111972633267446  
 1.757923613958746E7    -2.329554029978451E-1  -4.690677818552443  -3.071907512761398E1   1.708587661115995E1  -3.065650436419177E1   1.661512142915181E1  -2.274292337619174E-1  -5.248467495720889  
 1.778279410038977E7    -2.159649514544206E-1  -4.855882131978146  -3.068923778514146E1   1.709815268967274E1  -3.069392475852216E1   1.676263151370505E1  -2.318202584163879E-1  -5.308873720629395  
 1.798870915128842E7    -2.237697444411899E-1  -4.849222467099280  -3.068827814976920E1   1.746557022931738E1  -3.068397734638245E1   1.709286471607042E1  -2.320824097454124E-1  -5.197432222542081  
 1.819700858610039E7    -2.128704532028748E-1  -4.830533710107751  -3.064135894551347E1   1.752283181665503E1  -3.059870927525519E1   1.721924358932094E1  -2.321852259420592E-1  -5.402654962677787  
 1.840772001469012E7    -2.287666705724723E-1  -4.940447614265239  -3.065853022990761E1   1.803582318902598E1  -3.063588779615243E1   1.723000720829484E1  -2.463384150608885E-1  -5.417610053221186  
 1.862087136662924E7    -2.218108533498317E-1  -4.992363077575065  -3.060372345062948E1   1.823087281597619E1  -3.062019919119033E1   1.755529053545249E1  -2.353721712135170E-1  -5.523957835490886  
 1.883649089489858E7    -2.283115170161675E-1  -5.038931422677868  -3.060225429999348E1   1.836930804738754E1  -3.059520416424086E1   1.768840193472362E1  -2.282475483077823E-1  -5.652952464205646  
 1.905460717963306E7    -2.213283451253123E-1  -5.084351842229418  -3.058249346510181E1   1.857274045372474E1  -3.057488136686445E1   1.797194979013242E1  -2.250467404444518E-1  -5.798631741115470  
 1.927524913190995E7    -2.275440208525242E-1  -5.114304549429913  -3.056782104581147E1   1.894941649717381E1  -3.053225570823196E1   1.807377685697381E1  -2.207358382246389E-1  -5.787673155193400  
 1.949844599758105E7    -2.313877027506380E-1  -5.209581453056095  -3.053012327471842E1   1.908720596205266E1  -3.051658789652343E1   1.849880199905936E1  -2.166512968407599E-1  -5.777912162222216  
 1.972422736114915E7    -2.267399938218284E-1  -5.223057090808840  -3.050540680939232E1   1.934738106716122E1  -3.050941222375010E1   1.866834517069212E1  -2.346623464945358E-1  -5.849479803295215  
 1.995262314968941E7    -2.226213544984251E-1  -5.328419352081287  -3.051801247548919E1   1.945021594402440E1  -3.048914459542778E1   1.887488256804478E1  -2.246584782854891E-1  -5.886971073441999  
 2.018366363681624E7    -2.161760593352622E-1  -5.332618472220080  -3.048125622513523E1   1.977055541819907E1  -3.044066644090452E1   1.904592430824310E1  -2.342191165487252E-1  -6.091391077728857  
 2.041737944669593E7    -2.191184740400275E-1  -5.475833940988358  -3.045347222018275E1   2.013418723962209E1  -3.044515599168937E1   1.921743667523539E1  -2.301618660664851E-1  -6.096444518913295  
 2.065380155810594E7    -2.088380585860394E-1  -5.589060828748340  -3.042862847476409E1   2.021691256813885E1  -3.041171676188250E1   1.963662828068538E1  -2.382298303857060E-1  -6.252364132407700  
 2.089296130854105E7    -2.206475658035906E-1  -5.582806018810675  -3.040653706674473E1   2.044208885354223E1  -3.040753905398250E1   1.974252037315444E1  -2.390907861880333E-1  -6.061038278404678  
 2.113489039836713E7    -2.189441438935404E-1  -5.703151662344840  -3.038575454545633E1   2.070834594886141E1  -3.038261139655764E1   2.003517730225665E1  -2.219147834689415E-1  -6.387184602260416  
 2.137962089502299E7    -2.257893529691319E-1  -5.674054446771121  -3.037493146221657E1   2.090773167384842E1  -3.033934386106714E1   2.044808132828817E1  -2.374294367623075E-1  -6.320676878706405  
 2.162718523727088E7    -2.129097911996717E-1  -5.835735094938106  -3.034420201453290E1   2.089642653974062E1  -3.034540036313907E1   2.040423656868705E1  -2.337175219435285E-1  -6.570175926090421  
 2.187761623949622E7    -2.078644325527153E-1  -5.848993609954011  -3.029801839456134E1   2.157184810743653E1  -3.031030001006502E1   2.087012173093573E1  -2.288438850192809E-1  -6.482134650216366  
 2.213094709605708E7    -2.112122715633360E-1  -5.942384262331152  -3.026926625925926E1   2.165706260471153E1  -3.028297964837683E1   2.091576907446943E1  -2.292893653017213E-1  -6.581521729859484  
 2.238721138568410E7    -2.170133683495863E-1  -6.008192531809081  -3.024504446744972E1   2.183132288030647E1  -3.022868769022094E1   2.122179783266555E1  -2.388779804066784E-1  -6.709989525094465  
 2.264644307593131E7    -2.181318395412121E-1  -6.076050420518613  -3.022985123541648E1   2.209414093121928E1  -3.022007936766697E1   2.150393869243923E1  -2.360456324068587E-1  -6.703944612367513  
 2.290867652767846E7    -2.200807329433568E-1  -6.201826994301248  -3.018134377548537E1   2.228570126467364E1  -3.021551099481708E1   2.152616329020887E1  -2.345413837331600E-1  -6.957827687423792  
 2.317394649968553E7    -2.130658896016484E-1  -6.241114194082398  -3.018044480533596E1   2.240102352214765E1  -3.018668816587542E1   2.179674277503442E1  -2.455386643736397E-1  -6.874459989510944  
 2.344228815319997E7    -2.173842984286176E-1  -6.242761713443183  -3.015339153233850E1   2.257414473867096E1  -3.018721255025819E1   2.200195214789515E1  -2.376698143937303E-1  -6.964420059714384  
 2.371373705661731E7    -2.213366588573953E-1  -6.292031329066447  -3.011736312046615E1   2.289295149173438E1  -3.011765524431091E1   2.226172872077687E1  -2.323197035573445E-1  -7.070078125213526  
 2.398832919019568E7    -2.122864471076604E-1  -6.417624372854612  -3.008267622849142E1   2.323349202191522E1  -3.010528214251039E1   2.247965960149815E1  -2.418002615725977E-1  -7.258454150757911  
 2.426610095082494E7    -2.207021375017962E-1  -6.547724694945178  -3.007610539202364E1   2.317401117503583E1  -3.007897402509995E1   2.259222534017384E1  -2.227209225829724E-1  -7.174182800179223  
 2.454708915685110E7    -2.131041057576548E-1  -6.648776211323339  -3.001340246077555E1   2.351734671795421E1  -3.008594234026618E1   2.299452170792351E1  -2.414667075552006E-1  -7.197294272330465  
 2.483133105295651E7    -2.152047700461254E-1  -6.641240461938263  -3.002441832379989E1   2.378416779097518E1  -3.002251156876591E1   2.313590988789143E1  -2.240609904781557E-1  -7.534728070944441  
 2.511886431509662E7    -2.173017699269782E-1  -6.641260261035528  -2.998784692748157E1   2.415416067636737E1  -3.001439600891527E1   2.328955945200980E1  -2.308779345248581E-1  -7.546830169727723  
 2.540972705549388E7    -2.267698873198093E-1  -6.882093609484519  -2.992652950636748E1   2.421856048031540E1  -3.000032758352603E1   2.358761694643240E1  -2.286373139483780E-1  -7.800100527547452  
 2.570395782768948E7    -2.095700284996860E-1  -6.876481312760627  -2.990883367771913E1   2.451803826042643E1  -2.993248907283212E1   2.397027187538298E1  -2.257408845477371E-1  -7.699398169939974  
 2.600159563165357E7    -2.042661502842709E-1  -6.962171512115366  -2.987924825517044E1   2.468376709582953E1  -2.996311692704204E1   2.402850685140809E1  -2.207745593892828E-1  -7.727115900858449  
 2.630267991895468E7    -2.166415512856499E-1  -7.025764879843647  -2.982736349101674E1   2.496705420445138E1  -2.987185005945279E1   2.429614223857906E1  -2.328925758471803E-1  -7.876374430383457  
 2.660725059798897E7    -2.194028721969512E-1  -7.179005121602112  -2.983561068168868E1   2.522077853142847E1  -2.987018147262479E1   2.450049796083481E1  -2.462353254644077E-1  -7.944621935931617  
 2.691534803927004E7    -2.200320707690748E-1  -7.182404716303696  -2.979348322506644E1   2.560694591183268E1  -2.986329279213905E1   2.469735729452791E1  -2.221474050276929E-1  -8.011731922903465  
 2.722701308078002E7    -2.238769036499611E-1  -7.330681740650565  -2.974767765054113E1   2.572565593493593E1  -2.979259684288236E1   2.482805522568743E1  -2.217523895128354E-1  -8.363716146807029  
 2.754228703338258E7    -2.124439660665000E-1  -7.403403948990186  -2.971534996942937E1   2.576769113158522E1  -2.978472548763289E1   2.484793251870938E1  -2.411200013290072E-1  -8.416141346468125  
 2.786121168629863E7    -2.187420198033849E-1  -7.524620336990466  -2.971634967521225E1   2.612201259074461E1  -2.972648559682790E1   2.541090657570234E1  -2.235321709592038E-1  -8.430253989318969  
 2.818382931264548E7    -2.118769104257814E-1  -7.586530952124917  -2.966465488941946E1   2.631614558237549E1  -2.973003956938154E1   2.562237670038116E1  -2.428476581835655E-1  -8.480528854488179  
 2.851018267504004E7    -2.073900589054946E-1  -7.597857445690171  -2.961650561945147E1   2.662695307467065E1  -2.967734496317725E1   2.571350872919643E1  -2.212852137332716E-1  -8.580768736627263  
 2.884031503126703E7    -2.131170660637020E-1  -7.761192467777726  -2.958224901812736E1   2.687836522736208E1  -2.962342848574926E1   2.589231127788037E1  -2.325312472872775E-1  -8.711152729477680  
 2.917427014001265E7    -2.215984775317443E-1  -7.810533413122320  -2.953892195946954E1   2.696797488156367E1  -2.960106013379573E1   2.586869357038905E1  -2.553201949638163E-1  -8.887711766253934  
 2.951209226666485E7    -2.157971911835463E-1  -7.895742741425952  -2.953177867794575E1   2.728946527002211E1  -2.958262826270608E1   2.644848567347188E1  -2.337871720361811E-1  -8.901685241222559  
 2.985382618918061E7    -2.204081539950659E-1  -8.051493528029111  -2.950199395737321E1   2.741918949373416E1  -2.954492671754842E1   2.639938470245802E1  -2.637481554657828E-1  -9.070189722896954  
 3.019951720402119E7    -2.086055385702688E-1  -8.229607496016703  -2.944881128415257E1   2.747387250431849E1  -2.950761247081201E1   2.670839994764205E1  -2.486969905990009E-1  -9.185298409544933  
 3.054921113215617E7    -2.222473899766084E-1  -8.142459694581143  -2.941439357688349E1   2.792527097810254E1  -2.946187470921548E1   2.686980696783573E1  -2.305432177227202E-1  -9.159346326339797  
 3.090295432513696E7    -2.228291063523032E-1  -8.275167932468673  -2.936571480730063E1   2.819280119385904E1  -2.943802560097091E1   2.718325161877873E1  -2.397865940286705E-1  -9.261609185679284  
 3.126079367124062E7    -2.106430336588753E-1  -8.409659059774990  -2.930231246597065E1   2.850116199642449E1  -2.939108536603688E1   2.754857872735697E1  -2.402669273005029E-1  -9.367362220701089  
 3.162277660168488E7    -2.067873688044341E-1  -8.518895750746010  -2.925920724863318E1   2.876532295881933E1  -2.935812189881931E1   2.769390137583047E1  -2.170326674246287E-1  -9.581595014166222  
 3.198895109691508E7    -2.038953821350155E-1  -8.550423926033391  -2.924223561854834E1   2.871499128639249E1  -2.930500233243687E1   2.779779407386747E1  -2.323515401629844E-1  -9.758089803760322  
 3.235936569296394E7    -2.063733214670504E-1  -8.761427316073984  -2.919541987106409E1   2.911416226583146E1  -2.927517982341453E1   2.806043796013345E1  -2.470361951243411E-1  -9.775097154715960  
 3.273406948788495E7    -2.136875167622509E-1  -8.784071849666836  -2.916873035319933E1   2.921391081651386E1  -2.924216622316357E1   2.818532680397580E1  -2.248006365560614E-1  -9.834458418770346  
 3.311311214826025E7    -2.092850878951707E-1  -8.938269152253238  -2.913776026121758E1   2.946436118892210E1  -2.922581669383300E1   2.835481183126768E1  -2.505197542408014E-1  -1.013966519584179E1  
 3.349654391578392E7    -2.137315423325531E-1  -8.895202247380825  -2.905576997834230E1   2.981611346511323E1  -2.917787230243787E1   2.846573401422166E1  -2.308885496046899E-1  -1.010838514373353E1  
 3.388441561392143E7    -2.166020299240868E-1  -9.033913721206334  -2.904488296765593E1   3.003753244180043E1  -2.913152309165746E1   2.896621623644966E1  -2.475344350485103E-1  -1.010068615704638E1  
 3.427677865464623E7    -2.057967437211197E-1  -9.166659648153711  -2.899033306564304E1   3.014464077428976E1  -2.907920512087738E1   2.901155396127736E1  -2.366437175958684E-1  -1.038462273238066E1  
 3.467368504525437E7    -2.288656149132199E-1  -9.308315892758694  -2.896693764477377E1   3.029249386952467E1  -2.904926047321104E1   2.937361382610934E1  -2.285345402115429E-1  -1.045098637102316E1  
 3.507518739525802E7    -2.038987749711727E-1  -9.321961674187804  -2.888474920282031E1   3.058785040687531E1  -2.901327594399896E1   2.945475750903430E1  -2.350892685394948E-1  -1.052819715013355E1  
 3.548133892335878E7    -2.254718735940754E-1  -9.489368183982428  -2.886124325842247E1   3.091272506627120E1  -2.895860838797187E1   2.973195604332820E1  -2.380191370857870E-1  -1.069494860585669E1  
 3.589219346450178E7    -2.291037998689026E-1  -9.559687779099093  -2.882373177624187E1   3.096149254903996E1  -2.893870325761907E1   2.986757612751379E1  -2.404881959553503E-1  -1.085885175808650E1  
 3.630780547701141E7    -2.140506106921981E-1  -9.702375839547594  -2.874742528875762E1   3.108305470612575E1  -2.888344456713410E1   2.999918173456576E1  -2.441283093224141E-1  -1.096599804402213E1  
 3.672823004980975E7    -2.124631264152073E-1  -9.918960067138107  -2.870095068430643E1   3.158958018970196E1  -2.884340891224115E1   3.035825227221917E1  -2.397468156845864E-1  -1.098691210572208E1  
 3.715352290971856E7    -2.172534637225708E-1  -9.983016657450616  -2.866826121377843E1   3.152554095521246E1  -2.879368373646106E1   3.059337250737517E1  -2.376616649601609E-1  -1.109362929138231E1 