 3.758374042884574E7    -2.255710970704337E-1  -1.007039668231304E1  -2.861350656060481E1   3.190167608446163E1  -2.875837303997249E1   3.057200379123572E1  -2.410455560348333E-1  -1.132014847120807E1  
 3.801893963205746E7    -2.038503197120634E-1  -1.024663683246499E1  -2.855886865745212E1   3.224896832007072E1  -2.869243291729454E1   3.099590139565103E1  -2.302496735439622E-1  -1.134325784275934E1  
 3.845917820453671E7    -2.103377724881149E-1  -1.021236716944996E1  -2.851038244775792E1   3.247818821666225E1  -2.864872046215713E1   3.118668629646536E1  -2.373423496341103E-1  -1.164235191813667E1  
 3.890451449942944E7    -2.120184722528437E-1  -1.042239048470676E1  -2.846710237744246E1   3.256300159951109E1  -2.860619602787409E1   3.159773482232861E1  -2.458986806386704E-1  -1.165482977630632E1  
 3.935500754557914E7    -2.058650376951657E-1  -1.059976021137749E1  -2.844257162526518E1   3.255360983433934E1  -2.856388862315584E1   3.162016456512892E1  -2.508699763259594E-1  -1.192358487058889E1  
 3.981071705535114E7    -2.127946992064523E-1  -1.061853594217299E1  -2.835444539870199E1   3.283174100660850E1  -2.853596542067275E1   3.163991689472755E1  -2.573140700281187E-1  -1.196903806566877E1  
 4.027170343254734E7    -2.015032698500391E-1  -1.077510154309021E1  -2.833475549203268E1   3.326293647536308E1  -2.848513586805448E1   3.182890386997356E1  -2.544039080844577E-1  -1.212466138400374E1  
 4.073802778041272E7    -2.158869373042266E-1  -1.079153206045446E1  -2.827678559632120E1   3.341633381221207E1  -2.839839412304437E1   3.216416437370575E1  -2.615832563209580E-1  -1.223180255444274E1  
 4.120975190973449E7    -2.066931606027993E-1  -1.113374555532740E1  -2.821800070256278E1   3.346437548726071E1  -2.832697611306282E1   3.231265870976925E1  -2.249345376935878E-1  -1.250704138015936E1  
 4.168693834703503E7    -2.066735408707899E-1  -1.119527107578227E1  -2.818108199670834E1   3.387125695696427E1  -2.830500219059107E1   3.231791069292779E1  -2.487378304042648E-1  -1.249673584544431E1  
 4.216965034285973E7    -2.004246550248111E-1  -1.134789627755901E1  -2.811271353590968E1   3.403041362238139E1  -2.824434497463401E1   3.300920012341778E1  -2.311513953599396E-1  -1.280221303205120E1  
 4.265795188016079E7    -2.102087794770114E-1  -1.149610504063089E1  -2.806226667405330E1   3.416665370714090E1  -2.819910235313231E1   3.273283592962791E1  -2.394777208620391E-1  -1.302963649314607E1  
 4.315190768277807E7    -2.109900695306149E-1  -1.154541571350034E1  -2.797059386931738E1   3.456476442579366E1  -2.814725245703835E1   3.306216001993020E1  -2.226114094973404E-1  -1.298419807517169E1  
 4.365158322401816E7    -2.153830770167901E-1  -1.164776511762405E1  -2.794123163495198E1   3.470741686707115E1  -2.809730214171486E1   3.316157257185623E1  -2.339440228498050E-1  -1.309994888775223E1  
 4.415704473533284E7    -2.115436515309506E-1  -1.174482558511065E1  -2.790374101176446E1   3.480621216977164E1  -2.805201553411587E1   3.351379422048275E1  -2.488424067985485E-1  -1.337053898804584E1  
 4.466835921509792E7    -2.113369646469145E-1  -1.200850819782815E1  -2.780746449940954E1   3.498226043899422E1  -2.796965931039842E1   3.343106691330710E1  -2.598449100683988E-1  -1.354647571347494E1  
 4.518559443749387E7    -1.978679377943004E-1  -1.213276614600389E1  -2.777370880211692E1   3.531986650640454E1  -2.794267738763774E1   3.382705922906514E1  -2.524598342686751E-1  -1.355444055075223E1  
 4.570881896148916E7    -2.022730489740310E-1  -1.228450481983562E1  -2.768427001434770E1   3.527174172495917E1  -2.788208228362799E1   3.408474996434872E1  -2.513984217929124E-1  -1.383991546031699E1  
 4.623810213992771E7    -1.932447574278437E-1  -1.231793613954592E1  -2.762625559579702E1   3.539046840938234E1  -2.779567341512645E1   3.440606485677287E1  -2.253428726570841E-1  -1.387440213212406E1  
 4.677351412872152E7    -1.990109363837862E-1  -1.251297620949976E1  -2.760180635590535E1   3.565904169814427E1  -2.777236915024735E1   3.433101724796601E1  -2.589213804354427E-1  -1.405540377558785E1  
 4.731512589614977E7    -2.086745589848507E-1  -1.269945257152854E1  -2.755213840287585E1   3.588938720922511E1  -2.771589249634061E1   3.468650423410272E1  -2.642289128321883E-1  -1.431178869429702E1  
 4.786300923226558E7    -2.041597183845369E-1  -1.282857695949494E1  -2.746756277185625E1   3.600749259211392E1  -2.764536190319168E1   3.487452416602546E1  -2.527573407247276E-1  -1.448040836816103E1  
 4.841723675841170E7    -2.062783565288666E-1  -1.295401096454594E1  -2.740841464693888E1   3.643200551084890E1  -2.758548094295151E1   3.480635531306728E1  -2.617289233033036E-1  -1.460131677675508E1  
 4.897788193684641E7    -1.993412986378373E-1  -1.322180614615139E1  -2.732318651139016E1   3.629389374005289E1  -2.752001488914061E1   3.502831885257193E1  -2.631141913263336E-1  -1.474620970287243E1  
 4.954501908048083E7    -1.940702299565277E-1  -1.329466166409554E1  -2.728177620674053E1   3.656806341597356E1  -2.746078399735268E1   3.533122059028160E1  -2.398796840327032E-1  -1.491231977790423E1  
 5.011872336272906E7    -2.112727188225027E-1  -1.336667018229409E1  -2.724394910107120E1   3.684004526900717E1  -2.742521941042678E1   3.530583985712401E1  -2.622959113677817E-1  -1.519091171260552E1  
 5.069907082747229E7    -1.974781517748046E-1  -1.353777023596158E1  -2.716218652819699E1   3.690219461459743E1  -2.733988514122504E1   3.580318066768177E1  -2.537347953330285E-1  -1.525722693928658E1  
 5.128613839913837E7    -1.913480613036812E-1  -1.378714298266438E1  -2.709937008328552E1   3.704840907028933E1  -2.730145005156436E1   3.572592263290061E1  -2.570082779408631E-1  -1.560660528897049E1  
 5.188000389289802E7    -2.173109891587593E-1  -1.389871496602722E1  -2.704544324524377E1   3.723572303605143E1  -2.719316119450013E1   3.595667960082721E1  -2.380270022724407E-1  -1.563101653911745E1  
 5.248074602497920E7    -2.146428538472297E-1  -1.406942916836159E1  -2.696160097817893E1   3.738106549819838E1  -2.715741392700309E1   3.602562519827072E1  -2.469871843844372E-1  -1.593402712728217E1  
 5.308844442310080E7    -2.016160849154287E-1  -1.422517918918812E1  -2.690266015280892E1   3.763193114808910E1  -2.708073847320661E1   3.632005837105105E1  -2.530796833075774E-1  -1.595481700166299E1  
 5.370317963702726E7    -2.032352734579575E-1  -1.435213994551618E1  -2.685889498805399E1   3.764859224723956E1  -2.705282155391311E1   3.629037178408539E1  -2.660190611715712E-1  -1.629190368794365E1  
 5.432503314924534E7    -1.983598062753751E-1  -1.466229758539016E1  -2.678390156345732E1   3.776492523045089E1  -2.696436919487657E1   3.647889638752171E1  -2.500558756493712E-1  -1.640340929106836E1  
 5.495408738576450E7    -2.168641473867869E-1  -1.481452655429892E1  -2.672995863673426E1   3.778629651791282E1  -2.692025429105924E1   3.650430053776627E1  -2.550989631877709E-1  -1.666224424354990E1  
 5.559042572704242E7    -1.926300987725987E-1  -1.493268072524513E1  -2.662934188853151E1   3.814025179586003E1  -2.684251667100206E1   3.689673967427694E1  -2.472845416311580E-1  -1.696922959784831E1  
 5.623413251903700E7    -1.839246658896047E-1  -1.515770560447254E1  -2.657282607473938E1   3.808959213395224E1  -2.680085748279008E1   3.692788806186699E1  -2.675800742435954E-1  -1.700110577089457E1  
 5.688529308438627E7    -1.891744091492875E-1  -1.512854684454954E1  -2.650485044297377E1   3.829088205203860E1  -2.673690821973286E1   3.722895995819367E1  -2.565694725740747E-1  -1.732012297459254E1  
 5.754399373371784E7    -2.030766022969705E-1  -1.533714353697538E1  -2.645243929767666E1   3.836420551384909E1  -2.665667153580158E1   3.723927668824160E1  -2.423569404996673E-1  -1.743881236290514E1  
 5.821032177708932E7    -1.903521171882030E-1  -1.553416263683573E1  -2.636978963648226E1   3.849547193690255E1  -2.660138128992039E1   3.753403917765142E1  -2.650651878597964E-1  -1.765177245737229E1  
 5.888436553556111E7    -1.864714119437513E-1  -1.578177349718429E1  -2.630088902614274E1   3.857889167345197E1  -2.650165840366099E1   3.755866822268850E1  -2.342050581728074E-1  -1.785132011634121E1  
 5.956621435290328E7    -1.825171266316166E-1  -1.602095198944641E1  -2.624971104691095E1   3.863838015280285E1  -2.645801514988478E1   3.784502683766125E1  -2.564099306644509E-1  -1.804459021304047E1  
 6.025595860743804E7    -1.826010128420935E-1  -1.624818116566674E1  -2.617730216260096E1   3.869268408801997E1  -2.638832231982530E1   3.785603143833884E1  -2.576190389882951E-1  -1.821888036109794E1  
 6.095368972401922E7    -1.889113838342798E-1  -1.646603518890700E1  -2.610387345202239E1   3.879839368661796E1  -2.630859024902226E1   3.786295103876563E1  -2.593908002214065E-1  -1.857158609952233E1  
 6.165950018615054E7    -1.879522612685991E-1  -1.657826262521640E1  -2.603205314876692E1   3.863475557442662E1  -2.625413556450030E1   3.823563324425017E1  -2.403473717019120E-1  -1.870554372741206E1  
 6.237348354824428E7    -1.868609839471655E-1  -1.679538586994056E1  -2.594190801931549E1   3.883557522794964E1  -2.618182738020262E1   3.824255454314161E1  -2.498422836590135E-1  -1.882053134503790E1  
 6.309573444802172E7    -2.018314576619903E-1  -1.694618816900372E1  -2.591853803798675E1   3.903371135584452E1  -2.611260231268161E1   3.821959900130518E1  -2.522313762586150E-1  -1.930855614616354E1  
 6.382634861905729E7    -1.988983050183894E-1  -1.706914754613409E1  -2.586289070287012E1   3.914490411417935E1  -2.603853777773230E1   3.840415395116312E1  -2.552047716434640E-1  -1.942305651840112E1  
 6.456542290346801E7    -1.887981949537114E-1  -1.732948774048439E1  -2.577185199984584E1   3.911288435913284E1  -2.595730765153888E1   3.840266850245779E1  -2.444439037365566E-1  -1.968324983894403E1  
 6.531305526474972E7    -2.095046860606343E-1  -1.748670177148912E1  -2.569793005616928E1   3.922298480827013E1  -2.588786685250739E1   3.859604474929488E1  -2.459356257753965E-1  -1.977340546993215E1  
 6.606934480076212E7    -1.921206907765892E-1  -1.781943247148738E1  -2.561357449439659E1   3.926408125235835E1  -2.581800920783172E1   3.853485790777272E1  -2.371294412013691E-1  -2.010907620438631E1  
 6.683439175686401E7    -1.905066635653693E-1  -1.799522753410547E1  -2.556043726414748E1   3.916488680230260E1  -2.575735223892900E1   3.871324765707507E1  -2.376544583714543E-1  -2.028930594649777E1  
 6.760829753920077E7    -1.704345014283485E-1  -1.810580153788097E1  -2.550555798892043E1   3.940561998828525E1  -2.568341065071195E1   3.885558716659016E1  -2.458808096486755E-1  -2.060872554879665E1  
 6.839116472814556E7    -1.707432585599946E-1  -1.846163942242019E1  -2.539817472056420E1   3.932066780582151E1  -2.559687413814428E1   3.887051077790233E1  -2.394755027074834E-1  -2.091190026839596E1  
 6.918309709189631E7    -1.926782994098874E-1  -1.867305736577349E1  -2.535457487681862E1   3.923198610401341E1  -2.552927393845991E1   3.892634738111146E1  -2.484720457241208E-1  -2.103210945250670E1  
 6.998419960023005E7    -1.893453368880697E-1  -1.898458877216030E1  -2.531962239013649E1   3.914084202903657E1  -2.545891642840318E1   3.902360150095105E1  -2.343054042650830E-1  -2.116411412288414E1  
 7.079457843841653E7    -1.710098049383708E-1  -1.909929746980167E1  -2.522767596058004E1   3.915129848151426E1  -2.537713631689527E1   3.910731795709179E1  -2.376666502055667E-1  -2.148405232597212E1  
 7.161434102129297E7    -1.911337824322297E-1  -1.915924381828623E1  -2.518680504523763E1   3.942178127555616E1  -2.530805516801926E1   3.907390740560888E1  -2.337821113225889E-1  -2.173591652792813E1  
 7.244359600750181E7    -1.793092622011959E-1  -1.954472475616931E1  -2.511245736462447E1   3.933119104637616E1  -2.522486108921429E1   3.903638178557623E1  -2.324437228736763E-1  -2.208937270128466E1  
 7.328245331389324E7    -1.741890846873056E-1  -1.971990442469362E1  -2.502194230247608E1   3.924729380071921E1  -2.515588367714351E1   3.915453355516488E1  -2.272071133589374E-1  -2.231636450815569E1  
 7.413102413009462E7    -1.724207117331495E-1  -1.982142656221342E1  -2.497575409863194E1   3.945974853670274E1  -2.507390839920703E1   3.924888202810988E1  -2.223528336938999E-1  -2.242472872051718E1  
 7.498942093324849E7    -1.601028886727925E-1  -2.026422574399278E1  -2.491132278677391E1   3.936571567049199E1  -2.500052270619629E1   3.922443300596816E1  -2.275930525901320E-1  -2.271718885922860E1  
 7.585775750292133E7    -1.672386741040272E-1  -2.035696614890948E1  -2.484735371006143E1   3.953531458203010E1  -2.493829176495903E1   3.917222720337682E1  -2.279046567691818E-1  -2.302604501121213E1  
 7.673614893618488E7    -1.605930129265675E-1  -2.081507156738542E1  -2.479577731306790E1   3.937220427554370E1  -2.483978344454905E1   3.931956329257458E1  -2.263344070229592E-1  -2.318838075482120E1  
 7.762471166287220E7    -1.577893917865325E-1  -2.081141063961851E1  -2.472712524499907E1   3.955516599512524E1  -2.476781025182824E1   3.941690337271847E1  -2.223974661356720E-1  -2.341890514423824E1  
 7.852356346101025E7    -1.654137622824098E-1  -2.113106697195422E1  -2.463730379829204E1   3.940838963851653E1  -2.467277322987286E1   3.938785486864583E1  -2.228368503668716E-1  -2.370744418243626E1  
 7.943282347243126E7    -1.741122109231017E-1  -2.136268139262635E1  -2.459129291942967E1   3.966871480368601E1  -2.460841544262729E1   3.937140065440407E1  -2.264560080078721E-1  -2.401649801673520E1  
 8.035261221856487E7    -1.460523393072321E-1  -2.167476897434461E1  -2.450395476184780E1   3.948775930293807E1  -2.451832099569770E1   3.934018935575365E1  -2.236473493469206E-1  -2.426560071322811E1  
 8.128305161641310E7    -1.731842753837101E-1  -2.201039129095805E1  -2.445254481508232E1   3.959968347999415E1  -2.443765247506497E1   3.935073090847804E1  -2.202064572792449E-1  -2.448324806539723E1  
 8.222426499471033E7    -1.528229382502750E-1  -2.221357394655635E1  -2.438363756343122E1   3.970122620178100E1  -2.436082769395685E1   3.940119681830082E1  -2.318282792063280E-1  -2.465671441931425E1  
 8.317637711027035E7    -1.506054289887985E-1  -2.234619183295641E1  -2.428799590868655E1   3.976869792646592E1  -2.430104509208267E1   3.944674857990933E1  -2.377054936967979E-1  -2.494290056511616E1  
 8.413951416452280E7    -1.488514536213965E-1  -2.270905663448632E1  -2.421191396638821E1   3.971372494057695E1  -2.420290992138142E1   3.943159086140955E1  -2.287600398802131E-1  -2.540970898230169E1  
 8.511380382024097E7    -1.662537354191289E-1  -2.285038842060878E1  -2.415969842109819E1   3.988465722348083E1  -2.411711606683109E1   3.934331961001612E1  -2.274774786936177E-1  -2.574267226629382E1  
 8.609937521846344E7    -1.452944491301539E-1  -2.324433113777861E1  -2.406148668055277E1   3.988305473169590E1  -2.403689077806311E1   3.925871153772211E1  -2.267544775838576E-1  -2.597615687140963E1  
 8.709635899561147E7    -1.589608258071554E-1  -2.344921921954994E1  -2.398385141390872E1   3.995201872179059E1  -2.396863895741460E1   3.906817968028638E1  -2.287064153917999E-1  -2.632411223909049E1  
 8.810488730080487E7    -1.341258767771243E-1  -2.381416466176687E1  -2.389737194388903E1   3.985847080300878E1  -2.386938749143677E1   3.913965540969155E1  -2.238549723874846E-1  -2.658097505785806E1  
 8.912509381337807E7    -1.312634394559933E-1  -2.405712475377615E1  -2.382986404130314E1   3.989059468917690E1  -2.381320308064300E1   3.923276159084110E1  -2.339209482231333E-1  -2.671906899536867E1  
 9.015711376059924E7    -1.503424515060801E-1  -2.431428469297936E1  -2.375626885361135E1   3.994687064132572E1  -2.373453135171594E1   3.926669480335555E1  -2.377447158813705E-1  -2.706294804691138E1  
 9.120108393559457E7    -1.494006515604201E-1  -2.451633674576962E1  -2.367500254501841E1   4.011241203304984E1  -2.362427277147710E1   3.914109152991182E1  -2.291612951114053E-1  -2.754629625829039E1  
 9.225714271547997E7    -1.170726149523307E-1  -2.492386626680936E1  -2.357180064301948E1   4.008683586103653E1  -2.354215598925539E1   3.907207026307008E1  -2.258911761584547E-1  -2.793774744981615E1  
 9.332543007970281E7    -1.508448426060369E-1  -2.518839863006384E1  -2.351537913682845E1   3.983636854326919E1  -2.346206829780113E1   3.899578584688153E1  -2.474838296537839E-1  -2.803777358660897E1  
 9.440608762859610E7    -1.466079257036788E-1  -2.534974480328396E1  -2.345005273504262E1   4.015521132332974E1  -2.335684687456900E1   3.897591065257554E1  -2.233119017449887E-1  -2.842409928279574E1  
 9.549925860214740E7    -1.264587404293450E-1  -2.577579941728899E1  -2.331073793466396E1   3.994215538931015E1  -2.329190339733584E1   3.888018489125278E1  -2.478597098261779E-1  -2.882528826883061E1  
 9.660508789898519E7    -1.452227375292527E-1  -2.599459506758012E1  -2.324923557748051E1   3.976291166364502E1  -2.324722882577648E1   3.871629923899215E1  -2.609937208359375E-1  -2.913792189390828E1  
 9.772372209558497E7    -1.480287002732538E-1  -2.639030782927656E1  -2.315422942269765E1   3.977396306794068E1  -2.313579793224786E1   3.867461219991893E1  -2.277901154276775E-1  -2.950492348191521E1  
 9.885530946569784E7    -1.090932671974563E-1  -2.655536870911778E1  -2.305187425792010E1   4.002554574096768E1  -2.303415301263820E1   3.875464697515568E1  -2.509311006928015E-1  -2.972852777195986E1  
 1.000000000000040E8    -1.225130266952377E-1  -2.686745588316176E1  -2.295466893260653E1   3.987815949631483E1  -2.297506748833080E1   3.849385488958978E1  -2.474474196144158E-1  -3.013779125901525E1  
 1.011579454259939E8    -1.222547788797257E-1  -2.717522053120443E1  -2.287153183477389E1   3.994680381692439E1  -2.287336754562311E1   3.847110507007000E1  -2.523662744310114E-1  -3.031171327197981E1  
 1.023292992280795E8    -1.212257889443159E-1  -2.757804984655682E1  -2.276910211618187E1   3.993832579249126E1  -2.276669502932573E1   3.826982864582796E1  -2.345729361929461E-1  -3.081721290093080E1  
 1.035142166679386E8    -1.146635819429178E-1  -2.779641694184478E1  -2.270209057188147E1   3.974605285744881E1  -2.272674159109901E1   3.818553775515069E1  -2.580345233924500E-1  -3.123989139226181E1  
 1.047128548050942E8    -1.067235967556823E-1  -2.821178763808613E1  -2.257045176674193E1   3.962429726966622E1  -2.260163467478814E1   3.796137592082371E1  -2.631331816539727E-1  -3.162507693386943E1  
 1.059253725177332E8    -1.020151333183660E-1  -2.855185125072001E1  -2.247752975699203E1   3.971890926030775E1  -2.251675435687995E1   3.782346760736095E1  -2.504365363358369E-1  -3.184476808839096E1  
 1.071519305237650E8    -8.948024070744465E-2  -2.876998353912623E1  -2.239022550827664E1   3.957901374568294E1  -2.241793744887850E1   3.783459653331965E1  -2.241334960348246E-1  -3.209580399090935E1  
 1.083926914021247E8    -1.079119651296226E-1  -2.920756457200038E1  -2.229680040385797E1   3.943133511027743E1  -2.232519649777931E1   3.745548092854828E1  -2.497098624644066E-1  -3.263889151945238E1  
 1.096478196143230E8    -1.009835872897672E-1  -2.953928622651993E1  -2.220148092101788E1   3.952019960685536E1  -2.223154230710601E1   3.729741865515916E1  -2.395813121848028E-1  -3.305884373291455E1  
 1.109174815262446E8    -1.067588735000292E-1  -2.976839968629975E1  -2.212213764618495E1   3.914216202733528E1  -2.217007141377819E1   3.718749748922007E1  -2.695108583334407E-1  -3.336867343054769E1  
 1.122018454302009E8    -1.232195601813172E-1  -3.012321942098483E1  -2.201125333063927E1   3.918374407141138E1  -2.209458503947699E1   3.708191045797505E1  -2.611626278089871E-1  -3.365096796688044E1  
 1.135010815672361E8    -1.044142674876155E-1  -3.073015669460469E1  -2.189413672825369E1   3.879791469341059E1  -2.198209593878693E1   3.670172404026224E1  -2.443618097553042E-1  -3.424863385775331E1  
 1.148153621496930E8    -9.729171701280048E-2  -3.081941584581768E1  -2.178904233343115E1   3.892322225453617E1  -2.190153875179889E1   3.669527726773807E1  -2.591260815216430E-1  -3.461439581854034E1  
 1.161448613840390E8    -1.208078439209431E-1  -3.122142888182425E1  -2.170663156594065E1   3.862023087776810E1  -2.180571786539123E1   3.633052414769519E1  -2.559734008703076E-1  -3.497751430444384E1  
 1.174897554939578E8    -6.652523153365390E-2  -3.162570748960063E1  -2.158841308230695E1   3.845931035878549E1  -2.170754220160436E1   3.635178423016839E1  -2.493368289560967E-1  -3.524105082877334E1  
 1.188502227437067E8    -9.221284877083157E-2  -3.210038082410361E1  -2.151940622199310E1   3.811707751371590E1  -2.163859944128243E1   3.598806925975546E1  -2.475115792592835E-1  -3.563147111299305E1  
 1.202264434617462E8    -7.981289197491054E-2  -3.235603736261709E1  -2.140257781834058E1   3.797432102047799E1  -2.152638108636277E1   3.580737520184996E1  -2.636866131642979E-1  -3.613649920405690E1  
 1.216186000646418E8    -7.664381713945014E-2  -3.281489479754341E1  -2.129575571783050E1   3.766950597424350E1  -2.145010034680248E1   3.554555099874104E1  -2.530410764724765E-1  -3.657217819580603E1  
 1.230268770812432E8    -8.311869165881289E-2  -3.302190889949307E1  -2.120248061862228E1   3.778882804367822E1  -2.136898378742329E1   3.542998496387278E1  -2.729539816399275E-1  -3.693866905318890E1  
 1.244514611771436E8    -7.510557360240174E-2  -3.345129485013418E1  -2.109330912110069E1   3.717692561342233E1  -2.125748964773414E1   3.489178616027970E1  -2.711133324783037E-1  -3.757186620376545E1  
 1.258925411794219E8    -6.103059158409045E-2  -3.394741086886535E1  -2.099414928528837E1   3.697591657753601E1  -2.117207966062600E1   3.479008586086186E1  -2.715467635376777E-1  -3.776577414804775E1  
 1.273503081016714E8    -5.171348571959145E-2  -3.428508603291915E1  -2.086839250095825E1   3.663704504434467E1  -2.107595996722845E1   3.444849548289978E1  -2.602626949649667E-1  -3.832316375469414E1  
 1.288249551693187E8    -6.330725004925517E-2  -3.471212030299930E1  -2.080482090075618E1   3.641484917762817E1  -2.098688647377337E1   3.419184487304344E1  -2.672417046276095E-1  -3.872129889256789E1  
 1.303166778452353E8    -3.822600785530297E-2  -3.515903760081024E1  -2.065770066292910E1   3.596308581841727E1  -2.088453604382318E1   3.395035005769172E1  -2.590120558519602E-1  -3.917564558084165E1  
 1.318256738556462E8    -5.803136208472064E-2  -3.560135306475655E1  -2.058521460417429E1   3.567464906166448E1  -2.077736072446652E1   3.357419558281153E1  -2.466602204008790E-1  -3.967123934668206E1  
 1.333521432163380E8    -4.574374690505345E-2  -3.599042026499252E1  -2.048748130711032E1   3.514525884361535E1  -2.069546792919606E1   3.334955406352766E1  -2.566458440330842E-1  -4.004367075603680E1  
 1.348962882591710E8    -4.160341381102198E-2  -3.646670885848585E1  -2.038578092317146E1   3.474978096000678E1  -2.062134086747109E1   3.298203107198776E1  -2.858697808007389E-1  -4.069422112020045E1  
 1.364583136588981E8    -4.004994148882799E-2  -3.678373931843321E1  -2.029093193859833E1   3.420914774135519E1  -2.052373100329629E1   3.282248791312688E1  -2.525624370700259E-1  -4.108552127682125E1  
 1.380384264602943E8    -2.887538150240080E-2  -3.723338158597920E1  -2.019572972128591E1   3.382246845161069E1  -2.042664787086540E1   3.230540846783843E1  -2.583664338210655E-1  -4.156841922118882E1  
 1.396368361055996E8    -3.551242145189296E-2  -3.779329191543115E1  -2.014325419100491E1   3.337394278375148E1  -2.034293030971039E1   3.189382911069685E1  -2.506661753581425E-1  -4.205223402893704E1  
 1.412537544622814E8    -1.952701419397867E-2  -3.823799537080028E1  -2.007194325735312E1   3.285691901039691E1  -2.024418552493156E1   3.153939211950287E1  -2.558634323204291E-1  -4.257926445343370E1  
 1.428893958511163E8    -1.068179236134117E-2  -3.852981533127011E1  -1.998220399462833E1   3.240417355923202E1  -2.015513100313232E1   3.112825239104696E1  -2.594099456755173E-1  -4.308129489314666E1  
 1.445439770745988E8    -2.110726560333241E-2  -3.919682675072905E1  -1.991970064848460E1   3.193635940954626E1  -2.006002462822129E1   3.068506277839001E1  -2.485042649968779E-1  -4.358316093894650E1  
 1.462177174456780E8    -2.370904928941828E-2  -3.958978847894554E1  -1.985902497878820E1   3.156157938897593E1  -1.996576754681590E1   3.036810968897842E1  -2.559122695351055E-1  -4.411152485874268E1  
 1.479108388168270E8    -1.055481364416197E-2  -4.007040993863672E1  -1.979902475962214E1   3.113002696780804E1  -1.986279592555915E1   3.006803594368778E1  -2.223846322437455E-1  -4.444480828374049E1  
 1.496235656094497E8     7.616877417317995E-3  -4.034288034153612E1  -1.974140283425921E1   3.081860224640370E1  -1.975121442330058E1   2.964262714723244E1  -2.377279427140504E-1  -4.499093472885699E1  
 1.513561248436272E8     1.310519076430771E-2  -4.099786509156553E1  -1.966678721105659E1   3.056587239190981E1  -1.969130513846637E1   2.920340379362771E1  -2.462003955313170E-1  -4.542013228935710E1  
 1.531087461682095E8     2.156866400416523E-2  -4.136325048535450E1  -1.960459180457922E1   3.048265935373051E1  -1.958195988005424E1   2.872796337992933E1  -2.487301612325109E-1  -4.604965934280646E1  
 1.548816618912547E8     1.770633950799727E-2  -4.196528309217820E1  -1.954281586859739E1   3.000934115146567E1  -1.950266998036503E1   2.814764631948217E1  -2.539830782494649E-1  -4.649062592868670E1  
 1.566751070108216E8     1.959217558786167E-2  -4.246747683402561E1  -1.948362568928989E1   2.991338606188706E1  -1.940843183657609E1   2.786695345310228E1  -2.353832014927293E-1  -4.690709759525431E1  
 1.584893192461181E8     3.252503523400072E-2  -4.293004404456076E1  -1.940546063559303E1   2.967053363693613E1  -1.933094329525928E1   2.745476693435832E1  -2.470905826660536E-1  -4.747402494772751E1  
 1.603245390690110E8     4.223505451501679E-2  -4.337330728310364E1  -1.930452270662434E1   2.958246074072183E1  -1.923901279130240E1   2.695059358133394E1  -2.363423252330422E-1  -4.802028117500647E1  
 1.621810097358999E8     3.876610319768265E-2  -4.393095540637711E1  -1.921652725996914E1   2.943656758357447E1  -1.915911600762418E1   2.646331985591003E1  -2.294791857636553E-1  -4.850909684384032E1  
 1.640589773199609E8     5.358803537979574E-2  -4.439675760445043E1  -1.911405844096097E1   2.908929616727932E1  -1.907845965275521E1   2.590532719749622E1  -2.603285833127338E-1  -4.908781398430241E1  
 1.659586907437632E8     6.364475988950452E-2  -4.490608751961922E1  -1.902501957691906E1   2.907165811097265E1  -1.899795808926332E1   2.547799445194407E1  -2.487916730672694E-1  -4.971043694398078E1  
 1.678804018122632E8     6.140460528737252E-2  -4.548899592391039E1  -1.891935485970735E1   2.877603914641106E1  -1.892066681282666E1   2.500509600345329E1  -2.490014790806589E-1  -5.027993889383281E1  
 1.698243652461817E8     5.886793730779102E-2  -4.606513590721907E1  -1.881796817952932E1   2.847457167892285E1  -1.886339883117866E1   2.442133803053210E1  -2.614396531062908E-1  -5.081545024515525E1  
 1.717908387157662E8     8.427497711252778E-2  -4.667558937486102E1  -1.871442216884949E1   2.823226867829733E1  -1.878701172437484E1   2.400361546775764E1  -2.637235776952254E-1  -5.140640435465530E1  
 1.737800828749450E8     9.366179954666908E-2  -4.714940764411582E1  -1.859133893770396E1   2.793856065405457E1  -1.869325294121250E1   2.338930561542910E1  -2.561968946299938E-1  -5.206690333497721E1  
 1.757923613958768E8     8.251140058831814E-2  -4.775553883457065E1  -1.848967104455440E1   2.749606486222925E1  -1.864504211474931E1   2.284938636076869E1  -2.614189770223274E-1  -5.264626174001357E1  
 1.778279410038999E8     9.271221164348639E-2  -4.819647775408004E1  -1.837629317017068E1   2.728404467297093E1  -1.856803559085252E1   2.233980927815048E1  -2.620845236203370E-1  -5.312508184649766E1  
 1.798870915128865E8     1.025678611217069E-1  -4.881192153054205E1  -1.826565175858055E1   2.697835307687637E1  -1.852645827482851E1   2.186325532654026E1  -2.784416331600491E-1  -5.382220723974866E1  
 1.819700858610062E8     9.908880535315420E-2  -4.934620093633895E1  -1.814996401360732E1   2.653342424740286E1  -1.845558096109610E1   2.126450839180881E1  -2.595879551833491E-1  -5.435375986475011E1  
 1.840772001469035E8     1.113146492273239E-1  -4.999152465336366E1  -1.802955823505576E1   2.617664760502770E1  -1.839627010116989E1   2.092676390311785E1  -2.696158506391846E-1  -5.489048015548783E1  
 1.862087136662948E8     1.250458053626505E-1  -5.048740041581104E1  -1.790783035080211E1   2.566607916212070E1  -1.831863972608851E1   2.033559000056836E1  -2.639900745625025E-1  -5.555797632328888E1  
 1.883649089489882E8     1.306777499310318E-1  -5.116791840563973E1  -1.777272116511551E1   2.513836463380925E1  -1.826136010305112E1   1.967033743623306E1  -2.586111840411443E-1  -5.627115889363062E1  
 1.905460717963330E8     1.595711013631245E-1  -5.164190139587332E1  -1.762136984662702E1   2.472191973895809E1  -1.822340825371801E1   1.905266407960735E1  -2.815474902537458E-1  -5.680797850126674E1  
 1.927524913191020E8     1.584958974856003E-1  -5.235530107423757E1  -1.751199125680676E1   2.403867711149973E1  -1.819370716194375E1   1.871551440466595E1  -2.968030347099987E-1  -5.751132795405836E1  
 1.949844599758131E8     1.651688964734817E-1  -5.304761303401241E1  -1.737517538560291E1   2.349606407904912E1  -1.812412535918621E1   1.815844307534102E1  -2.938724008818281E-1  -5.826802748877980E1  
 1.972422736114940E8     2.125808567180920E-1  -5.363914076710920E1  -1.721838833514373E1   2.300138547410640E1  -1.805901706700094E1   1.781458881738266E1  -2.831759819806181E-1  -5.886045857958747E1  
 1.995262314968967E8     1.851884619353431E-1  -5.421401456138415E1  -1.712179673256446E1   2.222945280662952E1  -1.799794764631383E1   1.721950555827646E1  -2.970968784361021E-1  -5.956364230790660E1  
 2.018366363681650E8     2.074176286883829E-1  -5.478050907789406E1  -1.697320727534333E1   2.169551320312841E1  -1.793021431962958E1   1.699570624533273E1  -2.841454288705139E-1  -6.023154068677580E1  
 2.041737944669619E8     2.230433902744170E-1  -5.543768746018768E1  -1.685346373607476E1   2.075469563666234E1  -1.787074224561333E1   1.664933429941564E1  -2.909371074102803E-1  -6.097675179382677E1  
 2.065380155810621E8     2.241959347124774E-1  -5.599564929897187E1  -1.674226640611850E1   1.986768192284402E1  -1.777889929432772E1   1.594999378321589E1  -2.958213045276735E-1  -6.177920261995485E1  
 2.089296130854132E8     2.331627453638505E-1  -5.661570930745482E1  -1.663517265780297E1   1.900929376281399E1  -1.772098323336824E1   1.563587952605874E1  -2.954283639639067E-1  -6.238556644699017E1  
 2.113489039836741E8     2.544809716855116E-1  -5.742272034537689E1  -1.652083918074540E1   1.789337895237923E1  -1.762692450176079E1   1.525185336761173E1  -2.826666421149378E-1  -6.312062849543215E1  
 2.137962089502327E8     2.563876743332570E-1  -5.827698397402500E1  -1.643079566570097E1   1.679375326506898E1  -1.754885443128862E1   1.481189977735883E1  -3.108740454107881E-1  -6.392685392778136E1  
 2.162718523727117E8     2.515140874306318E-1  -5.864741901392861E1  -1.641739781035139E1   1.596304129738414E1  -1.747369051637891E1   1.429337811295592E1  -2.917481320811300E-1  -6.476540446832038E1  
 2.187761623949650E8     2.761673793871634E-1  -5.933497375410259E1  -1.636135283186551E1   1.505108480768356E1  -1.739445531215538E1   1.391902131029569E1  -2.994024582119229E-1  -6.538736292581071E1  
 2.213094709605737E8     2.809092408266377E-1  -5.987912937831252E1  -1.633311101998201E1   1.417752271975706E1  -1.729960360377976E1   1.347795565414570E1  -2.978737115498243E-1  -6.612868176546415E1  
 2.238721138568440E8     3.038510464569419E-1  -6.064897163553104E1  -1.631694364182803E1   1.362699314521093E1  -1.719707535409713E1   1.299994011223304E1  -2.786654188136035E-1  -6.681723462014719E1  
 2.264644307593161E8     2.997958255052293E-1  -6.136162128474570E1  -1.628490147167309E1   1.291602866078346E1  -1.710216082144784E1   1.270131961953535E1  -2.767667919444273E-1  -6.759798494901614E1  
 2.290867652767876E8     3.141532433277928E-1  -6.202029951111175E1  -1.625783747251005E1   1.264470108377527E1  -1.701635051214490E1   1.214184109076100E1  -2.720187675992266E-1  -6.832190136829472E1  
 2.317394649968583E8     3.182147336006517E-1  -6.282285309546285E1  -1.621302219688399E1   1.224292572868934E1  -1.692528721870923E1   1.164700851082606E1  -2.843130150497816E-1  -6.903560579030814E1  
 2.344228815320028E8     3.362459562081518E-1  -6.356309071426511E1  -1.614807725435434E1   1.209351233703573E1  -1.681303138010301E1   1.112444242721483E1  -2.947092355608544E-1  -6.985729396632968E1  
 2.371373705661762E8     3.455305006960824E-1  -6.424247559687080E1  -1.608215194023818E1   1.161216343129550E1  -1.677884014640267E1   1.059339290005067E1  -3.356051745008071E-1  -7.041317405539488E1  
 2.398832919019599E8     3.392833538904427E-1  -6.523015760811788E1  -1.598332858841903E1   1.119097377149770E1  -1.662421405196547E1   1.007977400557097E1  -2.781918816350154E-1  -7.127655803321323E1  
 2.426610095082525E8     3.620410061906223E-1  -6.580067304472590E1  -1.588544250141266E1   1.092452758485303E1  -1.653879365577259E1   9.597926380517690    -2.967518269719005E-1  -7.224176356300620E1  
 2.454708915685141E8     3.546801875621882E-1  -6.652936387046407E1  -1.579973500670800E1   1.047719165808425E1  -1.646019944095457E1   9.075449784707153    -2.951065637783445E-1  -7.291762472510001E1  
 2.483133105295683E8     3.865625545383002E-1  -6.724827747551240E1  -1.567404906122081E1   1.004852452536056E1  -1.635612379498289E1   8.543468829531301    -3.054064871949483E-1  -7.374987647837494E1  
 2.511886431509694E8     3.933742020126698E-1  -6.811023330923395E1  -1.554481915928340E1   9.566429948126270    -1.624351669784930E1   7.736170290365799    -2.934947540245627E-1  -7.467740730965913E1  
 2.540972705549420E8     3.959828539097035E-1  -6.891368214993513E1  -1.542358621223232E1   9.088395504145986    -1.613915261001712E1   7.203296390081778    -3.035040111308778E-1  -7.547527691041823E1  
 2.570395782768981E8     4.090248207115240E-1  -6.968318093802155E1  -1.527374628656455E1   8.537746938488880    -1.604467881492378E1   6.703160167553740    -3.199675152956142E-1  -7.613834352345860E1  
 2.600159563165390E8     4.081879426144970E-1  -7.050786123828890E1  -1.514296982876599E1   7.927282429577957    -1.595034367821907E1   5.751602531464371    -3.287752331909734E-1  -7.710902517338158E1  
 2.630267991895502E8     4.133054298333354E-1  -7.143859583746477E1  -1.501614763844383E1   7.017456711118120    -1.582363253937306E1   4.969996326755446    -3.208857760358174E-1  -7.805169548673887E1  
 2.660725059798931E8     4.203754455471922E-1  -7.216132141582914E1  -1.485864861526620E1   6.289855461187648    -1.571320931002386E1   4.322172209172441    -3.227124692810300E-1  -7.894741526938824E1  
 2.691534803927038E8     4.321785891893576E-1  -7.300588606722501E1  -1.469345632836548E1   5.578758224451042    -1.560611571445020E1   3.630578439651714    -3.330241288637291E-1  -7.972070873913391E1  
 2.722701308078036E8     4.514851036537458E-1  -7.391707873689533E1  -1.452869462388038E1   4.574172746715504    -1.550095817304251E1   2.657167096241294    -3.384698470134964E-1  -8.079680101571459E1  
 2.754228703338292E8     4.459598984746981E-1  -7.490366148876545E1  -1.438811430228817E1   3.395639322176081    -1.540307761324989E1   2.014827293655638    -3.554475132887084E-1  -8.161251545245726E1  
 2.786121168629898E8     4.479354537111758E-1  -7.578308593152018E1  -1.421762609398848E1   2.175672946008557    -1.528971448367873E1   1.106290904492011    -3.428683881687262E-1  -8.246479258010866E1  
 2.818382931264583E8     4.567134299043971E-1  -7.650579972325241E1  -1.409699261246867E1   1.019101867117699    -1.518274550558554E1   3.6055501364594E-1   -3.561010708989839E-1  -8.337442334998697E1  
 2.851018267504040E8     4.788155562700373E-1  -7.732920347858263E1  -1.396339998593928E1  -2.8478010888129E-1   -1.506634550080525E1  -5.1262863850352E-1   -3.582984677040708E-1  -8.439306369222763E1  
 2.884031503126738E8     4.990626643021995E-1  -7.849283653712664E1  -1.386548140572477E1  -2.062032182910190    -1.495697575154647E1  -1.528673056679831    -3.654209800397626E-1  -8.545058461405107E1  
 2.917427014001301E8     4.994551291571030E-1  -7.914336756971248E1  -1.384591282585593E1  -3.650590962145983    -1.483855307717036E1  -2.285149190860000    -3.325925241875208E-1  -8.623995330672477E1  
 2.951209226666521E8     5.183936660309253E-1  -8.022519504781948E1  -1.385041127477797E1  -5.213715601827467    -1.473331134043477E1  -3.378436057893334    -3.595374574311921E-1  -8.721119418405503E1  
 2.985382618918097E8     5.312621285325159E-1  -8.107273921249788E1  -1.387605734503194E1  -6.231268944617071    -1.462797790102319E1  -4.166897351144731    -3.495965326632283E-1  -8.820055871516743E1  
 3.019951720402156E8     5.222924599998130E-1  -8.201638048538119E1  -1.391155093888141E1  -7.051603034540115    -1.454465563283073E1  -5.224992469004219    -3.636076584789337E-1  -8.902363658635562E1  
 3.054921113215655E8     5.292388778677304E-1  -8.301971096626578E1  -1.391808588105597E1  -7.531953554625725    -1.442730826636496E1  -6.196236756096818    -3.495200437880364E-1  -9.003234149755146E1  
 3.090295432513734E8     5.599141546237090E-1  -8.388548368524934E1  -1.384338206841641E1  -7.930174434543991    -1.430701953217105E1  -7.200336578157735    -3.397446102140583E-1  -9.113656072420207E1  
 3.126079367124100E8     5.642900807102514E-1  -8.504996380027812E1  -1.379910410689839E1  -8.515053972059876    -1.422915522247591E1  -8.236291883684038    -3.628463094631297E-1  -9.193160458182986E1  
 3.162277660168526E8     5.766882782619552E-1  -8.591095969804880E1  -1.370405845460494E1  -8.889515166834318    -1.411750277522276E1  -9.159886262202260    -3.618280247601868E-1  -9.293186232320932E1  
 3.198895109691547E8     5.735755417399017E-1  -8.706396805747194E1  -1.359642834372002E1  -9.503540864682586    -1.403574736876483E1  -1.038785265365657E1  -3.842539171760464E-1  -9.398065979881960E1  
 3.235936569296433E8     5.715226660505812E-1  -8.813246437217066E1  -1.348951100094603E1  -1.015392569040091E1  -1.393691320212736E1  -1.138546622532163E1  -4.017464992763984E-1  -9.493407684221701E1  
 3.273406948788534E8     5.846676112574119E-1  -8.888417075990373E1  -1.332930590418305E1  -1.059834688819045E1  -1.383297536487901E1  -1.251413879288561E1  -3.968077652903745E-1  -9.599951203924466E1  
 3.311311214826065E8     5.829671171548160E-1  -9.016386147419446E1  -1.317474173248604E1  -1.154068436209947E1  -1.374259936592328E1  -1.365903383843938E1  -3.938873826387377E-1  -9.701573843638828E1  
 3.349654391578433E8     6.197517694713131E-1  -9.105362853515450E1  -1.298769583388687E1  -1.223951175089043E1  -1.362771489492518E1  -1.491514588031975E1  -3.874635179827603E-1  -9.808625824976444E1  
 3.388441561392184E8     6.235085024157749E-1  -9.212005677236974E1  -1.282252132988768E1  -1.306268821541628E1  -1.356090954983158E1  -1.620711949440117E1  -4.194393856098654E-1  -9.922211223295989E1  
 3.427677865464664E8     6.023539307886623E-1  -9.327374081354300E1  -1.264943658186931E1  -1.429648691874445E1  -1.347886558888415E1  -1.739640889314314E1  -4.433098541043201E-1  -1.001425428430317E2  
 3.467368504525479E8     6.164327157551347E-1  -9.422888664649720E1  -1.246924439063978E1  -1.531811315896683E1  -1.339563709633903E1  -1.879307672816971E1  -4.290173416777575E-1  -1.012648448583559E2  
 3.507518739525845E8     6.157515932658677E-1  -9.540145995215075E1  -1.227877286121492E1  -1.683455114248818E1  -1.334619873758155E1  -2.013053058678626E1  -4.566703202023031E-1  -1.025576596346463E2  
 3.548133892335922E8     6.333705469094448E-1  -9.663128494608033E1  -1.208447349032987E1  -1.862473794212019E1  -1.326484772601348E1  -2.143930338571554E1  -4.432688346439244E-1  -1.035976515522243E2  
 3.589219346450222E8     6.389247429440126E-1  -9.758150950618622E1  -1.191583975928613E1  -2.046986350381826E1  -1.318675870103396E1  -2.264354738922730E1  -4.401426955404235E-1  -1.045411682379089E2  
 3.630780547701185E8     6.499426133211762E-1  -9.879110448665907E1  -1.180226317671848E1  -2.259168274448448E1  -1.316460769488409E1  -2.416790183751543E1  -4.583217043480449E-1  -1.058137790089217E2  
 3.672823004981020E8     6.602382815769613E-1  -9.991702775059852E1  -1.177422374929466E1  -2.477467119009533E1  -1.308782302066175E1  -2.549490624034655E1  -4.438930759699526E-1  -1.069718002178525E2  
 3.715352290971901E8     6.576865099162863E-1  -1.010262847767671E2  -1.176519807844022E1  -2.662261000358298E1  -1.304301096146022E1  -2.677429043374290E1  -4.486156224807341E-1  -1.082400512399392E2  
 3.758374042884619E8     6.733869702080507E-1  -1.022221007796195E2  -1.177580259405558E1  -2.808619054651481E1  -1.302085265377096E1  -2.803181183462504E1  -4.582289949011151E-1  -1.091798258001790E2  
 3.801893963205792E8     6.721891225878278E-1  -1.034294729683199E2  -1.178754794503109E1  -2.911634831964627E1  -1.301096688798512E1  -2.928475761506874E1  -4.722918692359659E-1  -1.105567842284906E2  
 3.845917820453718E8     7.026979915486690E-1  -1.045680926125904E2  -1.174618471389298E1  -3.001759711977061E1  -1.297650026937703E1  -3.025829654408463E1  -4.680407621862956E-1  -1.116597582970916E2  
 3.890451449942991E8     7.058247942537032E-1  -1.058000604148651E2  -1.168863843101537E1  -3.100705868820111E1  -1.293207791969084E1  -3.132736069113809E1  -4.801566060964658E-1  -1.128720500510985E2  
 3.935500754557962E8     7.207490434297584E-1  -1.071494898808342E2  -1.159796298054574E1  -3.179378456665616E1  -1.291574375459325E1  -3.220192321410258E1  -4.900287208523412E-1  -1.140102451487476E2  
 3.981071705535162E8     7.206948637027721E-1  -1.083294723954840E2  -1.148041272567153E1  -3.273823714069598E1  -1.288082473303161E1  -3.305106617603205E1  -5.091411980095315E-1  -1.152088109328732E2  
 4.027170343254783E8     7.352260915594782E-1  -1.096982034699143E2  -1.134057613541532E1  -3.368543126352191E1  -1.283020049888857E1  -3.390336405023928E1  -5.190710568108965E-1  -1.163967077895898E2  
 4.073802778041322E8     7.219435439028809E-1  -1.109349043763134E2  -1.118359457867374E1  -3.486375972245180E1  -1.276272577295955E1  -3.473284351989631E1  -5.343154526558988E-1  -1.178075893146363E2  
 4.120975190973499E8     7.230811935077426E-1  -1.121465153383464E2  -1.102629814460989E1  -3.599670623740671E1  -1.267214112516814E1  -3.547199553010908E1  -5.571305456500764E-1  -1.190142831424419E2  
 4.168693834703554E8     7.168834403188990E-1  -1.135615584911754E2  -1.084775698695774E1  -3.740756482946922E1  -1.257736854332492E1  -3.621418913268965E1  -5.778571320025889E-1  -1.203166751124503E2  
 4.216965034286025E8     7.142078446455425E-1  -1.149424073587401E2  -1.065026965417345E1  -3.916529250653424E1  -1.245415778551284E1  -3.727483607079763E1  -5.879839664781975E-1  -1.216615227273722E2  
 4.265795188016132E8     6.821493297110346E-1  -1.162488167894780E2  -1.047061573063663E1  -4.094316431420604E1  -1.228296858094719E1  -3.833577239841797E1  -5.748368534809706E-1  -1.228334377339234E2  
 4.315190768277860E8     6.821480394376168E-1  -1.175898545407966E2  -1.028898791106759E1  -4.323022380346803E1  -1.216612295497902E1  -3.956499298016498E1  -6.156599874207503E-1  -1.243323287042749E2  
 4.365158322401871E8     6.567694081891251E-1  -1.187539210369502E2  -1.016354577210056E1  -4.564029884447255E1  -1.203669638715329E1  -4.075117626223123E1  -6.414101077548400E-1  -1.256794131017662E2  
 4.415704473533339E8     6.735773139405099E-1  -1.199874732634048E2  -1.007590964382411E1  -4.802926883806225E1  -1.188158396624545E1  -4.207526187237989E1  -6.533088797623152E-1  -1.270497000537402E2  
 4.466835921509848E8     6.630283380329181E-1  -1.215712105495277E2  -1.008113148399333E1  -5.053421562736914E1  -1.172599016072901E1  -4.335971268552906E1  -6.634047704491766E-1  -1.281224750261191E2  
 4.518559443749443E8     6.916504392824514E-1  -1.226835236167931E2  -1.008659939964002E1  -5.214913033486290E1  -1.155603503935682E1  -4.471053952541698E1  -6.790081016988607E-1  -1.295591524725255E2  
 4.570881896148972E8     6.740363922753959E-1  -1.241564743680679E2  -1.010967780141521E1  -5.368863480888565E1  -1.138638940600009E1  -4.615933879061826E1  -6.893572791291801E-1  -1.307934427107156E2  
 4.623810213992828E8     6.331105224560873E-1  -1.257165727579327E2  -1.009455041685220E1  -5.509663863111723E1  -1.124036930538142E1  -4.781548072592775E1  -7.146516232256668E-1  -1.322647967882447E2  
 4.677351412872210E8     6.310686188075753E-1  -1.272978962938286E2  -1.000554590689345E1  -5.636215149282005E1  -1.108554556010323E1  -4.952294376882492E1  -7.467520376854407E-1  -1.337623908072473E2  
 4.731512589615035E8     6.046819062299080E-1  -1.287679759671910E2  -9.912414909800898    -5.776629150000320E1  -1.095045859296975E1  -5.129134443757781E1  -7.528161810731090E-1  -1.350486946946288E2  
 4.786300923226617E8     5.669025318136650E-1  -1.303653892520869E2  -9.790758539246250    -5.923167899697790E1  -1.082067619917096E1  -5.315809639533799E1  -7.983582704898568E-1  -1.364431427620267E2  
 4.841723675841230E8     5.308018860138196E-1  -1.317572104213485E2  -9.648404207462599    -6.077751665745668E1  -1.067376178994390E1  -5.499011929634339E1  -8.167908136437067E-1  -1.377433310570561E2  
 4.897788193684702E8     4.911494869458299E-1  -1.333859149451695E2  -9.471350611430671    -6.256375962384752E1  -1.054167219001698E1  -5.695165831335697E1  -8.674756195819435E-1  -1.392716081945101E2  
 4.954501908048145E8     4.379106586727927E-1  -1.348433894150165E2  -9.306003854738480    -6.449052003574482E1  -1.041905578328725E1  -5.902270221323265E1  -8.978632424856406E-1  -1.408382440316329E2  
 5.011872336272969E8     3.735120623494749E-1  -1.361047594604172E2  -9.095925182641761    -6.646727717996845E1  -1.029076127216135E1  -6.115176133568938E1  -9.390232774097705E-1  -1.424622501994146E2  
 5.069907082747293E8     3.165588385714835E-1  -1.376935749763423E2  -8.914822064347922    -6.922154894556910E1  -1.016273738997127E1  -6.329147709480330E1  -9.771353314848841E-1  -1.438289408533412E2  
 5.128613839913901E8     2.682875250868375E-1  -1.390921264693601E2  -8.752844433826665    -7.235377975432013E1  -1.003625608212545E1  -6.540709299186837E1  -1.016497337872184     -1.452771976701325E2  
 5.188000389289867E8     2.644829281701982E-1  -1.405192131081267E2  -8.684917601721969    -7.531202874913595E1  -9.909704673586852    -6.767965836469794E1  -1.045431351915070     -1.468279633718601E2  
 5.248074602497985E8     2.027781061082987E-1  -1.422525886932275E2  -8.682343880488373    -7.834631318232411E1  -9.777833311709234    -7.009567984739569E1  -1.074826312880489     -1.482382959575453E2  
 5.308844442310146E8     1.357585889254887E-1  -1.438572313994228E2  -8.704884791310796    -8.077735466759449E1  -9.703292620684673    -7.265521505023041E1  -1.135507489751445     -1.499857380638982E2  
 5.370317963702793E8     5.813289164454551E-2  -1.454077327202781E2  -8.705215321556251    -8.300760988089535E1  -9.584778076853951    -7.507526282176087E1  -1.187447822071030     -1.514405390370930E2  
 5.432503314924601E8    -1.300583260957719E-2  -1.470771865679338E2  -8.659262271892018    -8.519754941863045E1  -9.494152185425310    -7.776769180019051E1  -1.251608035692349     -1.531722445590983E2  
 5.495408738576518E8    -1.420621794031584E-1  -1.486481540886692E2  -8.606632580315363    -8.748735829101116E1  -9.408350553231657    -8.044372944474472E1  -1.335806570603887     -1.547595021042549E2  
 5.559042572704312E8    -2.414985040190442E-1  -1.501035437754193E2  -8.531696639097342    -8.958584272523277E1  -9.336007400677913    -8.312189032080561E1  -1.403412533491901     -1.561935268662142E2  
 5.623413251903770E8    -3.614464427970278E-1  -1.515043594229006E2  -8.422750994864162    -9.188501741559949E1  -9.260380338640054    -8.584096262744700E1  -1.501414413120640     -1.577142675631895E2  
 5.688529308438697E8    -4.990605826544752E-1  -1.527355426850122E2  -8.306305158589764    -9.434836271782544E1  -9.199456250978569    -8.866898034261233E1  -1.607082284164991     -1.593951392503241E2  
 5.754399373371855E8    -6.221964705038809E-1  -1.540309788774473E2  -8.163534447804587    -9.709293763565667E1  -9.154327724422645    -9.164432675978287E1  -1.696657380525919     -1.609195568271724E2  
 5.821032177709004E8    -7.407282596409961E-1  -1.551702125752694E2  -7.996205901536559    -1.000998608207278E2  -9.102150656010380    -9.482923156035201E1  -1.796149459614549     -1.623735127622243E2  
 5.888436553556184E8    -8.587609839675586E-1  -1.561103157112979E2  -7.827861853040992    -1.037137204310362E2  -9.075640983523835    -9.793636565661322E1  -1.931831043899626     -1.637219247870602E2  
 5.956621435290402E8    -9.500863161849127E-1  -1.572201426235467E2  -7.721876997088055    -1.079694217098258E2  -9.081798023252008    -1.010623002419512E2  -2.068008327722620     -1.650585602569219E2  
 6.025595860743879E8    -1.070550014956534     -1.584316573926730E2  -7.745456094804373    -1.123506368213791E2  -9.089418333199658    -1.043646936346259E2  -2.224813052326149     -1.662971953694242E2  
 6.095368972401997E8    -1.204955458477526     -1.595116533600803E2  -7.827837606841542    -1.164702454867285E2  -9.099906066973491    -1.074752317891500E2  -2.382455768000692     -1.672834340338384E2  
 6.165950018615131E8    -1.372665041100607     -1.604515649799108E2  -7.995936314945888    -1.202556518589832E2  -9.141017538829036    -1.107377277925867E2  -2.555869956459162     -1.681345295756317E2  
 6.237348354824506E8    -1.528026325378948     -1.610284955147719E2  -8.141202661384398    -1.237091009717920E2  -9.184007850150239    -1.141069113745588E2  -2.664819484884065     -1.687216308431893E2  
 6.309573444802250E8    -1.655901944145219     -1.615129028660103E2  -8.270945590755977    -1.268889663735733E2  -9.230816820723973    -1.174816438269258E2  -2.784029709974921     -1.692434590122669E2  
 6.382634861905808E8    -1.790215187455157     -1.615967054731991E2  -8.402897804464891    -1.298470783840849E2  -9.322852612697460    -1.209383004633862E2  -2.899676772735671     -1.696922939856569E2  
 6.456542290346881E8    -1.881317482653913     -1.616903721110864E2  -8.495071987145069    -1.327871163126149E2  -9.424363378580432    -1.242666482442744E2  -2.961684416983644     -1.702306864970123E2  
 6.531305526475054E8    -1.917116906527092     -1.618954157443807E2  -8.519099606987433    -1.360114807865656E2  -9.550080392534467    -1.278499673382512E2  -3.044412858531120     -1.706017234742952E2  
 6.606934480076295E8    -1.913868208995799     -1.619073653319996E2  -8.519812160189446    -1.395642170107275E2  -9.690183980022910    -1.313956509001060E2  -3.067008951694304     -1.709156330303047E2  
 6.683439175686486E8    -1.900447341362189     -1.622094306093991E2  -8.520660562467164    -1.440702086079023E2  -9.827863107520640    -1.350811053566324E2  -3.097647021045273     -1.711192832045582E2  
 6.760829753920162E8    -1.875032840547489     -1.626243552457528E2  -8.662350711556947    -1.494441683611780E2  -1.001035409666816E1  -1.389090212176304E2  -3.077142709056296     -1.711899038455197E2  
 6.839116472814642E8    -1.875927339024575     -1.628918460603699E2  -8.985885642339918    -1.544542190394940E2  -1.024179032056646E1  -1.427014626925757E2  -3.034959476415379     -1.714707154198229E2  
 6.918309709189718E8    -1.837264364388621     -1.632364496079933E2  -9.385943306956168    -1.590800782327465E2  -1.052870185577518E1  -1.466190462410624E2  -2.965982408944943     -1.719217285136637E2  
 6.998419960023092E8    -1.739140885141876     -1.633355276233860E2  -9.860986484905828    -1.627961730320984E2  -1.084805281836364E1  -1.503670529432365E2  -2.866400764424450     -1.723061861139660E2  
 7.079457843841741E8    -1.617638975379052     -1.637203267335890E2  -1.032124115368193E1  -1.662817762181998E2  -1.120477656650386E1  -1.538863609682708E2  -2.767944778850568     -1.729242685887408E2  
 7.161434102129387E8    -1.459935973454177     -1.643494031869498E2  -1.078315931147097E1  -1.693433829755580E2  -1.162212749683934E1  -1.572590125125097E2  -2.636662846088974     -1.735920225535767E2  
 7.244359600750272E8    -1.265430705625945     -1.652627619854223E2  -1.122018115681947E1  -1.722733272493499E2  -1.206417568198111E1  -1.604322464892407E2  -2.488310689024130     -1.746377656873878E2  
 7.328245331389418E8    -1.105907830895291     -1.664706027974386E2  -1.165709257663355E1  -1.749036889683759E2  -1.252788693774730E1  -1.635247879982549E2  -2.352961426809141     -1.755442461453282E2  
 7.413102413009557E8    -9.408788012612579E-1  -1.678810997925512E2  -1.207143861119282E1  -1.778333392124183E2  -1.302040664084769E1  -1.662623356042673E2  -2.207217382578219     -1.768364828948096E2  
 7.498942093324945E8    -8.271308279436095E-1  -1.697988322658198E2  -1.251200390747644E1   1.789662444254352E2  -1.356103671176524E1  -1.686929356754312E2  -2.066509048358944     -1.780124481995661E2  
 7.585775750292230E8    -7.110992875676743E-1  -1.713360295971750E2  -1.307453217828709E1   1.757937866223014E2  -1.411268882399523E1  -1.708419559749517E2  -1.935277018699226     -1.795936463108804E2  
 7.673614893618586E8    -6.084144234592830E-1  -1.731184761457820E2  -1.372094272990515E1   1.732849013442785E2  -1.467940657229399E1  -1.725868659838566E2  -1.813872542328612      1.788323284675504E2  
 7.762471166287320E8    -5.281729184276937E-1  -1.748721186233248E2  -1.441765721852111E1   1.717680258945122E2  -1.523321905152996E1  -1.738953736684688E2  -1.701233442508104      1.771256614405701E2  
 7.852356346101126E8    -4.367809043275179E-1  -1.769061693960127E2  -1.505363585283833E1   1.707267579083536E2  -1.581164162946210E1  -1.748988443829544E2  -1.586944539900737      1.754523008531606E2  
 7.943282347243228E8    -3.907829449166541E-1  -1.788857614974092E2  -1.565324088176937E1   1.702525857887667E2  -1.637827587848235E1  -1.757065583011771E2  -1.484418301827165      1.735464518037402E2  
 8.035261221856591E8    -3.117218717437056E-1   1.791144244984193E2  -1.616953733744949E1   1.701646675032458E2  -1.692140395539217E1  -1.758158339537858E2  -1.405369005171006      1.717437162822737E2  
 8.128305161641415E8    -2.973024312380094E-1   1.772033351053890E2  -1.664780915524156E1   1.704188914233149E2  -1.743877105643762E1  -1.756213932629629E2  -1.337196341662234      1.698418151796923E2  
 8.222426499471140E8    -2.927057230664549E-1   1.748674026478431E2  -1.707337522666076E1   1.702863945379910E2  -1.795455516961144E1  -1.751351908988007E2  -1.250827137380484      1.679531897516305E2  
 8.317637711027144E8    -2.670854735646172E-1   1.728232443077209E2  -1.745281130971621E1   1.702658853201698E2  -1.840299214313090E1  -1.741642891771887E2  -1.189383037218609      1.660602618915469E2  
 8.413951416452391E8    -2.963821567374284E-1   1.707689599181604E2  -1.787938742486811E1   1.703432929108229E2  -1.875921388184716E1  -1.730810090333582E2  -1.117422973097470      1.640724437752495E2  
 8.511380382024211E8    -2.965058395589076E-1   1.687480449930557E2  -1.825512746134833E1   1.709259860796363E2  -1.909677723827480E1  -1.716916217501744E2  -1.065186897421766      1.621597033418218E2  
 8.609937521846458E8    -3.179914410397624E-1   1.666529826854560E2  -1.858144456663928E1   1.715373867266436E2  -1.932007631226164E1  -1.699691517804655E2  -1.031209354558581      1.601707185806909E2  
 8.709635899561263E8    -3.889510696331479E-1   1.645582283672647E2  -1.886293443061856E1   1.724845587390082E2  -1.948628151766244E1  -1.684203908342436E2  -9.868563345008329E-1   1.582050347596961E2  
 8.810488730080603E8    -4.103763077403789E-1   1.624440201481075E2  -1.906303539177302E1   1.732639052942675E2  -1.959187680090312E1  -1.669906094731646E2  -9.342113051785868E-1   1.562344748835477E2  
 8.912509381337924E8    -4.572340994119918E-1   1.606570574635221E2  -1.922440846498116E1   1.741146190648669E2  -1.961951403478314E1  -1.657076668255088E2  -9.129537734726307E-1   1.541758514889587E2  
 9.015711376060044E8    -5.359872396024161E-1   1.585417961768108E2  -1.934073979743083E1   1.750837246769424E2  -1.962807139799591E1  -1.647413573777560E2  -8.822814321425426E-1   1.522894647763465E2  
 9.120108393559579E8    -6.006798467085377E-1   1.563814406830628E2  -1.937514862178107E1   1.756168205798578E2  -1.960164894682034E1  -1.639961956665694E2  -8.446330625426983E-1   1.501665996933666E2  
 9.225714271548119E8    -6.973019436309147E-1   1.544874030861010E2  -1.937090118051893E1   1.759953740607691E2  -1.952706551456810E1  -1.634634729269818E2  -8.243314124260296E-1   1.481468986996670E2  
 9.332543007970403E8    -7.848926575025623E-1   1.526069236632901E2  -1.936852012402160E1   1.757636772453907E2  -1.946354644544563E1  -1.630891497086604E2  -8.063024460171993E-1   1.461767255573606E2  
 9.440608762859733E8    -8.825554266937520E-1   1.506547881790971E2  -1.934625900664694E1   1.756128852686543E2  -1.936899579385403E1  -1.628434810648324E2  -7.822972193245232E-1   1.440613502446743E2  
 9.549925860214865E8    -9.838917360748613E-1   1.487317370416285E2  -1.935832768243870E1   1.749669839182889E2  -1.926025601047646E1  -1.627908331754876E2  -7.956345434365751E-1   1.420855165936297E2  
 9.660508789898646E8    -1.102353844506837      1.468654501452841E2  -1.939786194343630E1   1.743316708452809E2  -1.910746891879991E1  -1.627130817635124E2  -7.558097135723796E-1   1.400266797551593E2  
 9.772372209558625E8    -1.202951400172494      1.449163285902468E2  -1.945394731927713E1   1.738730061610917E2  -1.896322706921713E1  -1.631704802438302E2  -7.331762410972940E-1   1.381312653869227E2  
 9.885530946569914E8    -1.331978780014617      1.431965524889014E2  -1.942236671963391E1   1.740802128092547E2  -1.881754658521442E1  -1.636655776228896E2  -7.329186004477417E-1   1.359634945434354E2  
 1.000000000000000E9    -1.443001648670358      1.415144042529800E2  -1.926169409382299E1   1.736045580292937E2  -1.866439507711965E1  -1.644700592121205E2  -7.435773406611005E-1   1.340703265987221E2  
