-4.98E-01	5.725096655
-5.05E-01	5.747627184
-5.03E-01	5.612114494
-5.04E-01	5.624958933
-5.02E-01	5.571373169
-5.05E-01	5.544754906
-4.96E-01	5.46687771
-4.93E-01	5.383396723
-4.93E-01	5.322831514
-4.94E-01	5.276676661
-4.90E-01	5.22965664
-4.88E-01	5.141470148
-4.86E-01	5.093573369
-4.93E-01	5.09164431
-4.78E-01	5.017629753
-4.83E-01	4.97146764
-4.80E-01	4.935880732
-4.81E-01	4.909980553
-4.76E-01	4.838202606
-4.87E-01	4.814337194
-4.80E-01	4.745889845
-4.67E-01	4.693619549
-4.66E-01	4.629844083
-4.73E-01	4.584177357
-4.76E-01	4.580859997
-4.68E-01	4.537475709
-4.64E-01	4.466995592
-4.71E-01	4.398075831
-4.68E-01	4.385737519
-4.62E-01	4.363553572
-4.65E-01	4.318216091
-4.62E-01	4.249352401
-4.57E-01	4.211462099
-4.63E-01	4.148444347
-4.52E-01	4.106378307
-4.57E-01	4.095428016
-4.54E-01	4.050761165
-4.50E-01	4.033731668
-4.48E-01	3.974223285
-4.51E-01	3.973822229
-4.46E-01	3.917464734
-4.54E-01	3.88492362
-4.50E-01	3.813050145
-4.50E-01	3.815177394
-4.47E-01	3.757412504
-4.46E-01	3.685200322
-4.48E-01	3.659646018
-4.38E-01	3.63545694
-4.47E-01	3.588786769
-4.45E-01	3.581006119
-4.44E-01	3.549964696
-4.41E-01	3.511453309
-4.38E-01	3.467126456
-4.34E-01	3.450612838
-4.35E-01	3.442324785
-4.43E-01	3.431176655
-4.35E-01	3.379546414
-4.38E-01	3.352335511
-4.32E-01	3.303759465
-4.28E-01	3.259056392
-4.30E-01	3.237709583
-4.35E-01	3.233740654
-4.32E-01	3.148259367
-4.31E-01	3.123295713
-4.25E-01	3.123350454
-4.26E-01	3.119198884
-4.20E-01	3.030916143
-4.25E-01	2.997871485
-4.25E-01	2.981209396
-4.19E-01	2.973016737
-4.18E-01	2.974481826
-4.17E-01	2.942648526
-4.16E-01	2.918659781
-4.17E-01	2.885484944
-4.21E-01	2.849393922
-4.14E-01	2.824623252
-4.15E-01	2.769948077
-4.09E-01	2.824937015
-4.13E-01	2.770323324
-4.10E-01	2.761467605
-4.11E-01	2.719036284
-4.08E-01	2.691872986
-4.09E-01	2.68951572
-4.08E-01	2.660658306
-4.07E-01	2.639043743
-4.10E-01	2.611186419
-4.08E-01	2.603822975
-3.97E-01	2.572385544
-4.02E-01	2.511203933
-4.02E-01	2.494711771
-4.02E-01	2.519326783
-4.01E-01	2.488106641
-4.05E-01	2.434011991
-3.95E-01	2.425182515
-4.02E-01	2.435189933
-3.92E-01	2.406053666
-4.11E-01	2.420328631
-4.06E-01	2.33871195
-3.98E-01	2.365527144
-3.91E-01	2.334658687
-3.88E-01	2.305513368
-3.82E-01	2.281225364
-3.91E-01	2.24401997
-3.83E-01	2.204980648
-3.80E-01	2.213329533
-3.75E-01	2.212267907
-3.76E-01	2.182018055
-3.85E-01	2.172396099
-3.69E-01	2.112775084
-3.81E-01	2.112434612
-3.75E-01	2.091219673
-3.75E-01	2.12023296
-3.66E-01	2.10603168
-3.68E-01	2.064083553
-3.73E-01	2.033453145
-3.65E-01	2.003738257
-3.71E-01	2.029501374
-3.67E-01	1.965683448
-3.61E-01	1.998136763
-3.65E-01	1.960836019
-3.60E-01	1.939633286
-3.59E-01	1.944761311
-3.58E-01	1.893283237
-3.64E-01	1.926021028
-3.61E-01	1.878901954
-3.61E-01	1.852812272
-3.59E-01	1.827507223
-3.60E-01	1.827089384
-3.54E-01	1.800830378
-3.54E-01	1.794723303
-3.58E-01	1.812203672
-3.56E-01	1.746797005
-3.57E-01	1.7412884
-3.55E-01	1.727181677
-3.54E-01	1.74201983
-3.52E-01	1.706840815
-3.56E-01	1.718772238
-3.43E-01	1.666938031
-3.55E-01	1.64863698
-3.43E-01	1.625829093
-3.52E-01	1.630717962
-3.44E-01	1.617125087
-3.44E-01	1.604688285
-3.45E-01	1.573116194
-3.46E-01	1.549684324
-3.42E-01	1.531649042
-3.38E-01	1.546802538
-3.42E-01	1.525929712
-3.39E-01	1.529132173
-3.32E-01	1.499758427
-3.36E-01	1.443887367
-3.36E-01	1.469905697
-3.33E-01	1.45089637
-3.28E-01	1.43961425
-3.33E-01	1.429784258
-3.29E-01	1.459810933
-3.33E-01	1.403805884
-3.30E-01	1.367504273
-3.26E-01	1.349908176
-3.32E-01	1.353020226
-3.30E-01	1.36395531
-3.18E-01	1.328620934
-3.20E-01	1.321133658
-3.25E-01	1.296512634
-3.21E-01	1.290384646
-3.25E-01	1.25606126
-3.20E-01	1.296208886
-3.22E-01	1.262571158
-3.21E-01	1.251632266
-3.19E-01	1.202405074
-3.12E-01	1.227507879
-3.14E-01	1.168846222
-3.14E-01	1.160933529
-3.19E-01	1.199873212
-3.16E-01	1.129448961
-3.09E-01	1.136762629
-3.12E-01	1.14201498
-3.13E-01	1.11735402
-3.11E-01	1.096411624
-3.07E-01	1.080471132
-3.05E-01	1.080165687
-3.11E-01	1.040495986
-3.05E-01	1.03377059
-3.05E-01	1.04029723
-3.04E-01	1.029798112
-3.11E-01	1.001093377
-3.08E-01	1.006236411
-3.05E-01	9.99E-01
-3.07E-01	9.82E-01
-2.99E-01	9.67E-01
-3.02E-01	9.67E-01
-3.01E-01	9.36E-01
-2.98E-01	9.35E-01
-2.97E-01	9.15E-01
-3.01E-01	9.06E-01
-2.98E-01	8.82E-01
-2.95E-01	8.67E-01
-2.95E-01	8.98E-01
-2.96E-01	8.59E-01
-2.91E-01	8.28E-01
-2.93E-01	8.38E-01
-2.92E-01	8.12E-01
-2.94E-01	8.07E-01
-2.94E-01	8.07E-01
-2.94E-01	7.78E-01
-2.93E-01	7.71E-01
-2.86E-01	7.72E-01
-2.90E-01	7.46E-01
-2.92E-01	7.39E-01
-2.90E-01	7.35E-01
-2.90E-01	7.26E-01
-2.82E-01	6.94E-01
-2.87E-01	6.73E-01
-2.86E-01	6.81E-01
-2.86E-01	6.62E-01
-2.86E-01	6.38E-01
-2.86E-01	6.49E-01
-2.86E-01	6.53E-01
-2.80E-01	6.22E-01
-2.82E-01	6.04E-01
-2.85E-01	5.89E-01
-2.83E-01	5.99E-01
-2.87E-01	5.80E-01
-2.84E-01	5.67E-01
-2.83E-01	5.64E-01
-2.78E-01	5.43E-01
-2.82E-01	5.29E-01
-2.77E-01	5.13E-01
-2.79E-01	5.29E-01
-2.77E-01	5.00E-01
-2.77E-01	4.89E-01
-2.81E-01	4.60E-01
-2.74E-01	4.61E-01
-2.77E-01	4.50E-01
-2.73E-01	4.34E-01
-2.76E-01	4.42E-01
-2.73E-01	4.29E-01
-2.70E-01	4.01E-01
-2.69E-01	3.79E-01
-2.75E-01	3.88E-01
-2.70E-01	3.73E-01
-2.70E-01	3.57E-01
-2.71E-01	3.51E-01
-2.69E-01	3.23E-01
-2.69E-01	3.38E-01
-2.66E-01	3.23E-01
-2.67E-01	3.07E-01
-2.67E-01	2.93E-01
-2.68E-01	2.75E-01
-2.69E-01	2.63E-01
-2.69E-01	2.69E-01
-2.66E-01	2.37E-01
-2.69E-01	2.24E-01
-2.66E-01	2.23E-01
-2.70E-01	2.18E-01
-2.64E-01	2.07E-01
-2.69E-01	2.06E-01
-2.64E-01	1.85E-01
-2.63E-01	1.50E-01
-2.60E-01	1.41E-01
-2.61E-01	1.39E-01
-2.58E-01	1.14E-01
-2.59E-01	1.17E-01
-2.59E-01	8.64E-02
-2.60E-01	1.07E-01
-2.56E-01	7.50E-02
-2.58E-01	6.11E-02
-2.59E-01	5.95E-02
-2.56E-01	3.56E-02
-2.59E-01	2.87E-02
-2.57E-01	1.81E-02
-2.56E-01	4.89E-03
-2.58E-01	-9.44E-03
-2.56E-01	-1.78E-02
-2.55E-01	-2.67E-02
-2.54E-01	-4.67E-02
-2.56E-01	-5.22E-02
-2.52E-01	-7.61E-02
-2.53E-01	-7.57E-02
-2.54E-01	-9.78E-02
-2.55E-01	-1.13E-01
-2.52E-01	-1.13E-01
-2.53E-01	-1.24E-01
-2.51E-01	-1.44E-01
-2.51E-01	-1.61E-01
-2.50E-01	-1.54E-01
-2.49E-01	-1.81E-01
-2.49E-01	-1.84E-01
-2.50E-01	-2.08E-01
-2.46E-01	-2.30E-01
-2.48E-01	-2.35E-01
-2.49E-01	-2.52E-01
-2.43E-01	-2.86E-01
-2.49E-01	-2.79E-01
-2.47E-01	-2.99E-01
-2.47E-01	-3.00E-01
-1.93E-01	-4.67E-01
-2.02E-01	-4.50E-01
-2.03E-01	-4.57E-01
-2.02E-01	-4.54E-01
-2.13E-01	-4.81E-01
-2.18E-01	-4.71E-01
-2.13E-01	-4.82E-01
-2.26E-01	-4.74E-01
-2.16E-01	-5.05E-01
-2.27E-01	-5.04E-01
-2.25E-01	-5.29E-01
-2.24E-01	-5.13E-01
-2.21E-01	-5.51E-01
-2.24E-01	-5.51E-01
-2.24E-01	-5.75E-01
-2.26E-01	-6.01E-01
-2.25E-01	-5.94E-01
-2.31E-01	-5.96E-01
-2.29E-01	-6.20E-01
-2.33E-01	-6.47E-01
-2.31E-01	-6.75E-01
-2.32E-01	-6.97E-01
-2.33E-01	-6.71E-01
-2.37E-01	-6.90E-01
-2.28E-01	-7.34E-01
-2.36E-01	-7.26E-01
-2.36E-01	-7.51E-01
-2.37E-01	-7.48E-01
-2.30E-01	-7.90E-01
-2.25E-01	-8.17E-01
-2.34E-01	-8.43E-01
-2.24E-01	-8.75E-01
-2.29E-01	-8.68E-01
-2.32E-01	-8.88E-01
-2.36E-01	-9.02E-01
-2.25E-01	-9.15E-01
-2.34E-01	-9.04E-01
-2.30E-01	-9.31E-01
-2.37E-01	-9.43E-01
-2.27E-01	-1.005979602
-2.39E-01	-9.96E-01
-2.35E-01	-1.041777045
-2.28E-01	-1.039631329
-2.34E-01	-1.058016068
-2.30E-01	-1.096697196
-2.30E-01	-1.093906749
-2.35E-01	-1.123144097
-2.41E-01	-1.117336146
-2.34E-01	-1.122114451
-2.34E-01	-1.157589097
-2.36E-01	-1.198830069
-2.32E-01	-1.216705658
-2.35E-01	-1.21335848
-2.36E-01	-1.241765009
-2.31E-01	-1.26636237
-2.33E-01	-1.299560154
-2.25E-01	-1.329491152
-2.29E-01	-1.331840632
-2.26E-01	-1.371158415
-2.28E-01	-1.374774532
-2.31E-01	-1.418392307
-2.35E-01	-1.413270527
-2.33E-01	-1.444330874
-2.29E-01	-1.474900161
-2.30E-01	-1.475903635
-2.34E-01	-1.528526537
-2.34E-01	-1.529885281
-2.30E-01	-1.556193615
-2.31E-01	-1.582968434
-2.31E-01	-1.609354529
-2.34E-01	-1.627049473
-2.28E-01	-1.672434584
-2.33E-01	-1.668942944
-2.29E-01	-1.71449803
-2.31E-01	-1.708731395
-2.24E-01	-1.785471937
-2.30E-01	-1.771862693
-2.35E-01	-1.806603028
-2.28E-01	-1.847419477
-2.27E-01	-1.844106768
-2.31E-01	-1.889169211
-2.33E-01	-1.874026922
-2.30E-01	-1.968231033
-2.28E-01	-1.993580755
-2.30E-01	-2.000473549
-2.27E-01	-2.022778223
-2.26E-01	-2.046331137
-2.25E-01	-2.082855778
-2.34E-01	-2.10264041
-2.27E-01	-2.148371761
-2.28E-01	-2.170077357
-2.28E-01	-2.215959431
-2.26E-01	-2.239693188
-2.29E-01	-2.265191753
-2.27E-01	-2.299203299
-2.34E-01	-2.296423836
-2.29E-01	-2.341065301
-2.32E-01	-2.380537562
-2.30E-01	-2.437523465
-2.25E-01	-2.449328593
-2.28E-01	-2.487040518
-2.24E-01	-2.497529751
-2.33E-01	-2.532921592
-2.30E-01	-2.561219764
-2.29E-01	-2.693388025
-2.32E-01	-2.541413694
-2.42E-01	-2.538323794
-2.17E-01	-2.67176019
-2.48E-01	-2.734108473
-2.29E-01	-2.698142635
-2.35E-01	-2.699279741
-2.29E-01	-2.914049689
-2.20E-01	-2.844518783
-2.30E-01	-2.956229287
-2.30E-01	-2.87660805
-2.29E-01	-2.982032631
-2.28E-01	-3.047109853
-2.25E-01	-3.139384256
-2.30E-01	-3.059790172
-2.31E-01	-3.14694733
-2.29E-01	-3.223013568
-2.36E-01	-3.238336227
-2.22E-01	-3.167477716
-2.32E-01	-3.253613719
-2.28E-01	-3.380134893
-2.34E-01	-3.352418256
-2.34E-01	-3.484784539
-2.26E-01	-3.50210169
-2.34E-01	-3.492069707
-2.16E-01	-3.430252431
-2.13E-01	-3.53294091
-2.30E-01	-3.66585755
-2.20E-01	-3.670132215
-2.23E-01	-3.697310338
-2.25E-01	-3.704628053
-2.27E-01	-3.875872603
-2.30E-01	-3.759170169
-2.28E-01	-3.924672118
-2.32E-01	-3.975466435
-2.21E-01	-4.020880978
-2.30E-01	-4.037727725
-2.22E-01	-4.12723881
-2.17E-01	-4.184106375
-2.32E-01	-4.152610683
-2.26E-01	-4.165632685
-2.22E-01	-4.26095942
-2.34E-01	-4.347596897
-2.20E-01	-4.468819719
-2.19E-01	-4.400704144
-2.23E-01	-4.447888625
-2.32E-01	-4.528513966
-2.26E-01	-4.675259469
-2.31E-01	-4.59309761
-2.33E-01	-4.690677819
-2.16E-01	-4.855882132
-2.24E-01	-4.849222467
-2.13E-01	-4.83053371
-2.29E-01	-4.940447614
-2.22E-01	-4.992363078
-2.28E-01	-5.038931423
-2.21E-01	-5.084351842
-2.28E-01	-5.114304549
-2.31E-01	-5.209581453
-2.27E-01	-5.223057091
-2.23E-01	-5.328419352
-2.16E-01	-5.332618472
-2.19E-01	-5.475833941
-2.09E-01	-5.589060829
-2.21E-01	-5.582806019
-2.19E-01	-5.703151662
-2.26E-01	-5.674054447
-2.13E-01	-5.835735095
-2.08E-01	-5.84899361
-2.11E-01	-5.942384262
-2.17E-01	-6.008192532
-2.18E-01	-6.076050421
-2.20E-01	-6.201826994
-2.13E-01	-6.241114194
-2.17E-01	-6.242761713
-2.21E-01	-6.292031329
-2.12E-01	-6.417624373
-2.21E-01	-6.547724695
-2.13E-01	-6.648776211
-2.15E-01	-6.641240462
-2.17E-01	-6.641260261
-2.27E-01	-6.882093609
-2.10E-01	-6.876481313
-2.04E-01	-6.962171512
-2.17E-01	-7.02576488
-2.19E-01	-7.179005122
-2.20E-01	-7.182404716
-2.24E-01	-7.330681741
-2.12E-01	-7.403403949
-2.19E-01	-7.524620337
-2.12E-01	-7.586530952
-2.07E-01	-7.597857446
-2.13E-01	-7.761192468
-2.22E-01	-7.810533413
-2.16E-01	-7.895742741
-2.20E-01	-8.051493528
-2.09E-01	-8.229607496
-2.22E-01	-8.142459695
-2.23E-01	-8.275167932
-2.11E-01	-8.40965906
-2.07E-01	-8.518895751
-2.04E-01	-8.550423926
-2.06E-01	-8.761427316
-2.14E-01	-8.78407185
-2.09E-01	-8.938269152
-2.14E-01	-8.895202247
-2.17E-01	-9.033913721
-2.06E-01	-9.166659648
-2.29E-01	-9.308315893
-2.04E-01	-9.321961674
-2.25E-01	-9.489368184
-2.29E-01	-9.559687779
-2.14E-01	-9.70237584
-2.12E-01	-9.918960067
-2.17E-01	-9.983016657
-2.26E-01	-1.01E+01
-2.04E-01	-1.02E+01
-2.10E-01	-1.02E+01
-2.12E-01	-1.04E+01
-2.06E-01	-1.06E+01
-2.13E-01	-1.06E+01
-2.02E-01	-1.08E+01
-2.16E-01	-1.08E+01
-2.07E-01	-1.11E+01
-2.07E-01	-1.12E+01
-2.00E-01	-1.13E+01
-2.10E-01	-1.15E+01
-2.11E-01	-1.15E+01
-2.15E-01	-1.16E+01
-2.12E-01	-1.17E+01
-2.11E-01	-1.20E+01
-1.98E-01	-1.21E+01
-2.02E-01	-1.23E+01
-1.93E-01	-1.23E+01
-1.99E-01	-1.25E+01
-2.09E-01	-1.27E+01
-2.04E-01	-1.28E+01
-2.06E-01	-1.30E+01
-1.99E-01	-1.32E+01
-1.94E-01	-1.33E+01
-2.11E-01	-1.34E+01
-1.97E-01	-1.35E+01
-1.91E-01	-1.38E+01
-2.17E-01	-1.39E+01
-2.15E-01	-1.41E+01
-2.02E-01	-1.42E+01
-2.03E-01	-1.44E+01
-1.98E-01	-1.47E+01
-2.17E-01	-1.48E+01
-1.93E-01	-1.49E+01
-1.84E-01	-1.52E+01
-1.89E-01	-1.51E+01
-2.03E-01	-1.53E+01
-1.90E-01	-1.55E+01
-1.86E-01	-1.58E+01
-1.83E-01	-1.60E+01
-1.83E-01	-1.62E+01
-1.89E-01	-1.65E+01
-1.88E-01	-1.66E+01
-1.87E-01	-1.68E+01
-2.02E-01	-1.69E+01
-1.99E-01	-1.71E+01
-1.89E-01	-1.73E+01
-2.10E-01	-1.75E+01
-1.92E-01	-1.78E+01
-1.91E-01	-1.80E+01
-1.70E-01	-1.81E+01
-1.71E-01	-1.85E+01
-1.93E-01	-1.87E+01
-1.89E-01	-1.90E+01
-1.71E-01	-1.91E+01
-1.91E-01	-1.92E+01
-1.79E-01	-1.95E+01
-1.74E-01	-1.97E+01
-1.72E-01	-1.98E+01
-1.60E-01	-2.03E+01
-1.67E-01	-2.04E+01
-1.61E-01	-2.08E+01
-1.58E-01	-2.08E+01
-1.65E-01	-2.11E+01
-1.74E-01	-2.14E+01
-1.46E-01	-2.17E+01
-1.73E-01	-2.20E+01
-1.53E-01	-2.22E+01
-1.51E-01	-2.23E+01
-1.49E-01	-2.27E+01
-1.66E-01	-2.29E+01
-1.45E-01	-2.32E+01
-1.59E-01	-2.34E+01
-1.34E-01	-2.38E+01
-1.31E-01	-2.41E+01
-1.50E-01	-2.43E+01
-1.49E-01	-2.45E+01
-1.17E-01	-2.49E+01
-1.51E-01	-2.52E+01
-1.47E-01	-2.53E+01
-1.26E-01	-2.58E+01
-1.45E-01	-2.60E+01
-1.48E-01	-2.64E+01
-1.09E-01	-2.66E+01
-1.23E-01	-2.69E+01
-1.22E-01	-2.72E+01
-1.21E-01	-2.76E+01
-1.15E-01	-2.78E+01
-1.07E-01	-2.82E+01
-1.02E-01	-2.86E+01
-8.95E-02	-2.88E+01
-1.08E-01	-2.92E+01
-1.01E-01	-2.95E+01
-1.07E-01	-2.98E+01
-1.23E-01	-3.01E+01
-1.04E-01	-3.07E+01
-9.73E-02	-3.08E+01
-1.21E-01	-3.12E+01
-6.65E-02	-3.16E+01
-9.22E-02	-3.21E+01
-7.98E-02	-3.24E+01
-7.66E-02	-3.28E+01
-8.31E-02	-3.30E+01
-7.51E-02	-3.35E+01
-6.10E-02	-3.39E+01
-5.17E-02	-3.43E+01
-6.33E-02	-3.47E+01
-3.82E-02	-3.52E+01
-5.80E-02	-3.56E+01
-4.57E-02	-3.60E+01
-4.16E-02	-3.65E+01
-4.00E-02	-3.68E+01
-2.89E-02	-3.72E+01
-3.55E-02	-3.78E+01
-1.95E-02	-3.82E+01
-1.07E-02	-3.85E+01
-2.11E-02	-3.92E+01
-2.37E-02	-3.96E+01
-1.06E-02	-4.01E+01
7.62E-03	-4.03E+01
1.31E-02	-4.10E+01
2.16E-02	-4.14E+01
1.77E-02	-4.20E+01
1.96E-02	-4.25E+01
3.25E-02	-4.29E+01
4.22E-02	-4.34E+01
3.88E-02	-4.39E+01
5.36E-02	-4.44E+01
6.36E-02	-4.49E+01
6.14E-02	-4.55E+01
5.89E-02	-4.61E+01
8.43E-02	-4.67E+01
9.37E-02	-4.71E+01
8.25E-02	-4.78E+01
9.27E-02	-4.82E+01
1.03E-01	-4.88E+01
9.91E-02	-4.93E+01
1.11E-01	-5.00E+01
1.25E-01	-5.05E+01
1.31E-01	-5.12E+01
1.60E-01	-5.16E+01
1.58E-01	-5.24E+01
1.65E-01	-5.30E+01
2.13E-01	-5.36E+01
1.85E-01	-5.42E+01
2.07E-01	-5.48E+01
2.23E-01	-5.54E+01
2.24E-01	-5.60E+01
2.33E-01	-5.66E+01
2.54E-01	-5.74E+01
2.56E-01	-5.83E+01
2.52E-01	-5.86E+01
2.76E-01	-5.93E+01
2.81E-01	-5.99E+01
3.04E-01	-6.06E+01
3.00E-01	-6.14E+01
3.14E-01	-6.20E+01
3.18E-01	-6.28E+01
3.36E-01	-6.36E+01
3.46E-01	-6.42E+01
3.39E-01	-6.52E+01
3.62E-01	-6.58E+01
3.55E-01	-6.65E+01
3.87E-01	-6.72E+01
3.93E-01	-6.81E+01
3.96E-01	-6.89E+01
4.09E-01	-6.97E+01
4.08E-01	-7.05E+01
4.13E-01	-7.14E+01
4.20E-01	-7.22E+01
4.32E-01	-7.30E+01
4.51E-01	-7.39E+01
4.46E-01	-7.49E+01
4.48E-01	-7.58E+01
4.57E-01	-7.65E+01
4.79E-01	-7.73E+01
4.99E-01	-7.85E+01
4.99E-01	-7.91E+01
5.18E-01	-8.02E+01
5.31E-01	-8.11E+01
5.22E-01	-8.20E+01
5.29E-01	-8.30E+01
5.60E-01	-8.39E+01
5.64E-01	-8.50E+01
5.77E-01	-8.59E+01
5.74E-01	-8.71E+01
5.72E-01	-8.81E+01
5.85E-01	-8.89E+01
5.83E-01	-9.02E+01
6.20E-01	-9.11E+01
6.24E-01	-9.21E+01
6.02E-01	-9.33E+01
6.16E-01	-9.42E+01
6.16E-01	-9.54E+01
6.33E-01	-9.66E+01
6.39E-01	-9.76E+01
6.50E-01	-9.88E+01
6.60E-01	-9.99E+01
6.58E-01	-1.01E+02
6.73E-01	-1.02E+02
6.72E-01	-1.03E+02
7.03E-01	-1.05E+02
7.06E-01	-1.06E+02
7.21E-01	-1.07E+02
7.21E-01	-1.08E+02
7.35E-01	-1.10E+02
7.22E-01	-1.11E+02
7.23E-01	-1.12E+02
7.17E-01	-1.14E+02
7.14E-01	-1.15E+02
6.82E-01	-1.16E+02
6.82E-01	-1.18E+02
6.57E-01	-1.19E+02
6.74E-01	-1.20E+02
6.63E-01	-1.22E+02
6.92E-01	-1.23E+02
6.74E-01	-1.24E+02
6.33E-01	-1.26E+02
6.31E-01	-1.27E+02
6.05E-01	-1.29E+02
5.67E-01	-1.30E+02
5.31E-01	-1.32E+02
4.91E-01	-1.33E+02
4.38E-01	-1.35E+02
3.74E-01	-1.36E+02
3.17E-01	-1.38E+02
2.68E-01	-1.39E+02
2.64E-01	-1.41E+02
2.03E-01	-1.42E+02
1.36E-01	-1.44E+02
5.81E-02	-1.45E+02
-1.30E-02	-1.47E+02
-1.42E-01	-1.49E+02
-2.41E-01	-1.50E+02
-3.61E-01	-1.52E+02
-4.99E-01	-1.53E+02
-6.22E-01	-1.54E+02
-7.41E-01	-1.55E+02
-8.59E-01	-1.56E+02
-9.50E-01	-1.57E+02
-1.070550015	-1.58E+02
-1.204955458	-1.60E+02
-1.372665041	-1.60E+02
-1.528026325	-1.61E+02
-1.655901944	-1.62E+02
-1.790215187	-1.62E+02
-1.881317483	-1.62E+02
-1.917116907	-1.62E+02
-1.913868209	-1.62E+02
-1.900447341	-1.62E+02
-1.875032841	-1.63E+02
-1.875927339	-1.63E+02
-1.837264364	-1.63E+02
-1.739140885	-1.63E+02
-1.617638975	-1.64E+02
-1.459935973	-1.64E+02
-1.265430706	-1.65E+02
-1.105907831	-1.66E+02
-9.41E-01	-1.68E+02
-8.27E-01	-1.70E+02
-7.11E-01	-1.71E+02
-6.08E-01	-1.73E+02
-5.28E-01	-1.75E+02
-4.37E-01	-1.77E+02
-3.91E-01	-1.79E+02
-3.12E-01	1.79E+02
-2.97E-01	1.77E+02
-2.93E-01	1.75E+02
-2.67E-01	1.73E+02
-2.96E-01	1.71E+02
-2.97E-01	1.69E+02
-3.18E-01	1.67E+02
-3.89E-01	1.65E+02
-4.10E-01	1.62E+02
-4.57E-01	1.61E+02
-5.36E-01	1.59E+02
-6.01E-01	1.56E+02
-6.97E-01	1.54E+02
-7.85E-01	1.53E+02
-8.83E-01	1.51E+02
-9.84E-01	1.49E+02
-1.102353845	1.47E+02
-1.2029514	1.45E+02
-1.33197878	1.43E+02
-1.443001649	1.42E+02
