 1.288249551693154E6    -7.194114119784975   6.155102767058230E1  -1.048736145403357  -2.703882817757513E1  -1.029600401322304  -2.713452752891590E1  -7.219551262650903   6.153983507792806E1  
 1.303166778452319E6    -7.113970616780046   6.129607924685459E1  -1.064821661525283  -2.729636469570913E1  -1.050634949152374  -2.740649769527020E1  -7.150430100497768   6.128997693096184E1  
 1.318256738556427E6    -7.031096698443450   6.104550381039109E1  -1.090787979951047  -2.757257257313739E1  -1.066849096705751  -2.766099046834256E1  -7.071496427758488   6.106190894402863E1  
 1.333521432163345E6    -6.954254845542280   6.080622855771101E1  -1.103856743105160  -2.782252546525498E1  -1.093312503713688  -2.793352949882319E1  -6.998240994973279   6.078613520122845E1  
 1.348962882591675E6    -6.884506422783572   6.055748032293646E1  -1.132348882337471  -2.808480488357219E1  -1.115252534782129  -2.819903987724678E1  -6.922131377257005   6.054559369451955E1  
 1.364583136588946E6    -6.804557798130445   6.030131211358945E1  -1.152561973135344  -2.833805285123126E1  -1.138913844555505  -2.846374065063746E1  -6.848433969415507   6.030401071898373E1  
 1.380384264602906E6    -6.729545947527053   6.004768310890583E1  -1.176502305902399  -2.861363113308548E1  -1.165731028043890  -2.874528816443108E1  -6.772598133009686   6.002787436601133E1  
 1.396368361055960E6    -6.653898116548397   5.978603461518332E1  -1.200987479863188  -2.887466903698891E1  -1.187437701213255  -2.899806254099431E1  -6.698087398732687   5.979025398408918E1  
 1.412537544622777E6    -6.579174534855634   5.951656719595474E1  -1.220354394316939  -2.913331448417721E1  -1.210480960598287  -2.926093872593151E1  -6.621186299420585   5.951035330860397E1  
 1.428893958511126E6    -6.501100631512502   5.924605421565276E1  -1.245464235798337  -2.941329080176056E1  -1.233345411306072  -2.953901390448054E1  -6.551601488596583   5.926641211615272E1  
 1.445439770745951E6    -6.431071239482352   5.896647391607873E1  -1.274580267956290  -2.968979026272492E1  -1.258785251205718  -2.980346041195572E1  -6.473838343874632   5.900317936206921E1  
 1.462177174456742E6    -6.357039585366318   5.869315081242684E1  -1.304361112992879  -2.997892511784931E1  -1.284475014115984  -3.008468909853217E1  -6.406973762803428   5.876362604282880E1  
 1.479108388168231E6    -6.285783746333658   5.844253150434004E1  -1.334492165043149  -3.024655563369043E1  -1.309591398729354  -3.035077712366995E1  -6.327373839836170   5.849739865183595E1  
 1.496235656094458E6    -6.211870122335194   5.817333903252511E1  -1.353349732251394  -3.051033717814780E1  -1.337112198488949  -3.063304068027411E1  -6.253631468334334   5.825116185229712E1  
 1.513561248436233E6    -6.139750625734068   5.791246003870136E1  -1.376160280863441  -3.078268319370222E1  -1.359787022934275  -3.091040789396383E1  -6.185528823911445   5.798845907094012E1  
 1.531087461682055E6    -6.061353276832070   5.761377491010804E1  -1.401689798775949  -3.107618478518915E1  -1.390305426848943  -3.118160110267518E1  -6.111689609792605   5.772250965061610E1  
 1.548816618912507E6    -5.990764538825631   5.731536852072398E1  -1.431202146187344  -3.136785654779247E1  -1.417620484797385  -3.147581954997059E1  -6.038432880830447   5.744313214787692E1  
 1.566751070108175E6    -5.926471640670952   5.705906847904000E1  -1.458032281749440  -3.162715540870374E1  -1.446528058938146  -3.175485039631534E1  -5.972304084138011   5.717370190507812E1  
 1.584893192461140E6    -5.851901364484372   5.680687886521085E1  -1.482442800815566  -3.190437382181137E1  -1.471394333609280  -3.203221127466331E1  -5.900711471453684   5.688253741463071E1  
 1.603245390690068E6    -5.782451637474323   5.652440161871795E1  -1.515129034713035  -3.218940051094202E1  -1.499720169693642  -3.232498441111452E1  -5.833173217990626   5.661193741288736E1  
 1.621810097358957E6    -5.708653118630983   5.622181903593268E1  -1.546614578849944  -3.248988738920274E1  -1.530573388169035  -3.259890698003511E1  -5.753581211719640   5.635005047002393E1  
 1.640589773199567E6    -5.647394782367314   5.593869651915779E1  -1.572233250750771  -3.277725650257048E1  -1.554782437725786  -3.290045091112964E1  -5.692302493950460   5.609188860466392E1  
 1.659586907437589E6    -5.580074812106223   5.565031860008985E1  -1.596907413862215  -3.307152069778389E1  -1.591468518421971  -3.318013577491108E1  -5.622355390780460   5.579356730125122E1  
 1.678804018122589E6    -5.501989023122958   5.536978334048801E1  -1.634132807687566  -3.334762175597970E1  -1.621944846728140  -3.347173495376665E1  -5.551742278276231   5.552415440314929E1  
 1.698243652461773E6    -5.437575721402909   5.507161132016058E1  -1.666901375916878  -3.364063230489912E1  -1.650558663408841  -3.375450870983620E1  -5.488240837302527   5.523766797709016E1  
 1.717908387157617E6    -5.370059925931836   5.477487029786200E1  -1.694175744830490  -3.394876957871294E1  -1.680334707064221  -3.404414768765413E1  -5.417531480546965   5.495420259400117E1  
 1.737800828749405E6    -5.302675872893794   5.448981477945669E1  -1.726101002892154  -3.422395888074965E1  -1.713809910673670  -3.433140854446869E1  -5.352187259243936   5.468224601010259E1  
 1.757923613958723E6    -5.241212657114788   5.419956140684002E1  -1.759584696924259  -3.451788179959075E1  -1.747831528060728  -3.464470340941746E1  -5.289422430240981   5.440629777684767E1  
 1.778279410038954E6    -5.174880510206257   5.391505868022119E1  -1.786420050924836  -3.481163856358852E1  -1.778774821223907  -3.493304871930094E1  -5.218984240892154   5.411988192548873E1  
 1.798870915128819E6    -5.104617547388527   5.360668239598030E1  -1.823110243586226  -3.512617332233789E1  -1.813432379004368  -3.522077343827645E1  -5.146665024386554   5.382706310658978E1  
 1.819700858610015E6    -5.040924530225499   5.332921000680967E1  -1.855986930721100  -3.540551946215515E1  -1.844943643020109  -3.551903836412650E1  -5.085263912986883   5.353770200954504E1  
 1.840772001468988E6    -4.973769948160275   5.300810481750985E1  -1.889876098608319  -3.571727413077295E1  -1.881893971110899  -3.582051429318183E1  -5.019998928544757   5.325794059252484E1  
 1.862087136662900E6    -4.913045476548540   5.271731292505733E1  -1.921659066097617  -3.602383340960347E1  -1.914361908782228  -3.609979421840226E1  -4.961577877630452   5.297939449033724E1  
 1.883649089489834E6    -4.843239981098976   5.244024992317669E1  -1.955398755521105  -3.632621607825299E1  -1.948371089453217  -3.641769421327361E1  -4.890714505455477   5.268091235170331E1  
 1.905460717963281E6    -4.784584166217655   5.213303592316175E1  -1.990394678392501  -3.661179755002291E1  -1.983765096182818  -3.671790705117346E1  -4.823393286405960   5.238928156993900E1  
 1.927524913190970E6    -4.723262660652645   5.182538530365086E1  -2.027809818763264  -3.691899220591196E1  -2.019387151050619  -3.703909872813098E1  -4.765275364317192   5.207267022771845E1  
 1.949844599758080E6    -4.657793032495534   5.152421349141224E1  -2.066398245869423  -3.721199118204203E1  -2.054133824641820  -3.733943663454912E1  -4.701764066433625   5.179187243547677E1  
 1.972422736114889E6    -4.588139244413395   5.123181756218207E1  -2.099926383334597  -3.752992989515533E1  -2.090593475104397  -3.764061558999104E1  -4.637722605126028   5.150216895448386E1  
 1.995262314968915E6    -4.528430584533941   5.091762404849558E1  -2.140024610529041  -3.782701703424308E1  -2.135528310853081  -3.793749653661641E1  -4.578284683125237   5.119362786653649E1  
 2.018366363681597E6    -4.469137204590854   5.061899067310304E1  -2.179636352216806  -3.811796619384305E1  -2.166700205074063  -3.826510274381788E1  -4.517814854153014   5.089350075106231E1  
 2.041737944669566E6    -4.411522754234023   5.032657446402962E1  -2.209123114392678  -3.843895286608105E1  -2.201495844433269  -3.855349672288097E1  -4.457995617702796   5.059650977181248E1  
 2.065380155810567E6    -4.351412200852132   5.002605471461000E1  -2.248684463308927  -3.874811769083468E1  -2.239602534415932  -3.884496067449822E1  -4.391511801362070   5.031750449884032E1  
 2.089296130854078E6    -4.291785699544564   4.972397898751781E1  -2.286252474275844  -3.904572711666684E1  -2.278871642766934  -3.915268363181203E1  -4.332960517924199   5.002468811239498E1  
 2.113489039836686E6    -4.226938946539743   4.942105225386619E1  -2.330543371220399  -3.936805580189787E1  -2.318618027240084  -3.947476114071535E1  -4.274638467957441   4.971670677826518E1  
 2.137962089502272E6    -4.177431567638525   4.911792807421543E1  -2.368740442011024  -3.968567509773394E1  -2.357823018527912  -3.979914208372691E1  -4.206995886548086   4.941346392941799E1  
 2.162718523727060E6    -4.116021146281951   4.880836931385919E1  -2.411899046674494  -3.998934977820283E1  -2.398638900579933  -4.009435645145688E1  -4.148969398892796   4.910603838884275E1  
 2.187761623949593E6    -4.059433375458307   4.848564524641873E1  -2.445189932179064  -4.030522829853014E1  -2.438290334058562  -4.041911029256345E1  -4.094411176802041   4.879668998743500E1  
 2.213094709605679E6    -4.004554341284087   4.818919527132871E1  -2.494891834962337  -4.060127303917483E1  -2.483755136456820  -4.073994277508936E1  -4.040627968534721   4.849067701779250E1  
 2.238721138568382E6    -3.946510158747423   4.786449939892924E1  -2.532669944147291  -4.093171836659694E1  -2.522245718169549  -4.105347917113016E1  -3.981208520600676   4.820622362455801E1  
 2.264644307593103E6    -3.887867505167257   4.756764197734508E1  -2.573139411307563  -4.125687088015737E1  -2.562573515059545  -4.135932500231287E1  -3.925930892144141   4.791247019950365E1  
 2.290867652767817E6    -3.831091772283082   4.724533106518836E1  -2.610878455619906  -4.157023214537483E1  -2.607892496045452  -4.166837453779035E1  -3.869632707111255   4.760967367425485E1  
 2.317394649968523E6    -3.773165935404004   4.691985891607974E1  -2.661991630263469  -4.188813644132291E1  -2.653769222326355  -4.198479342691056E1  -3.813917358165057   4.729575159085636E1  
 2.344228815319967E6    -3.719319987720509   4.661568094240170E1  -2.709405275774338  -4.220630351468375E1  -2.695596873035914  -4.230111184582783E1  -3.752502974318148   4.698725831575254E1  
 2.371373705661701E6    -3.670044065381068   4.629718503479155E1  -2.750675262738208  -4.252279790654614E1  -2.739302004879253  -4.261911990076391E1  -3.701659626220693   4.667917109973728E1  
 2.398832919019537E6    -3.616000533494788   4.600841508824924E1  -2.796641439945079  -4.282310292829091E1  -2.783516794533270  -4.294695735434803E1  -3.645580031537697   4.638281376256534E1  
 2.426610095082463E6    -3.557406341328413   4.569301973846893E1  -2.839597065961739  -4.315693408236841E1  -2.829180755893235  -4.326283826207031E1  -3.593197221862501   4.606252964963070E1  
 2.454708915685078E6    -3.509226683474298   4.537110080367707E1  -2.886957646238269  -4.345945402662215E1  -2.877271409844125  -4.358538092985776E1  -3.540618098867400   4.577026241901036E1  
 2.483133105295619E6    -3.458345440826911   4.506253117345243E1  -2.933044579977293  -4.377761971547108E1  -2.918093437887940  -4.390476439025069E1  -3.490503388997755   4.546511532462706E1  
 2.511886431509629E6    -3.405244332431361   4.476159999077413E1  -2.975560632221826  -4.411229023211265E1  -2.968810231186922  -4.421909870985436E1  -3.434233271383513   4.513232490931091E1  
 2.540972705549355E6    -3.352595330401872   4.443921660121291E1  -3.025961239458798  -4.444342585207718E1  -3.012560985201539  -4.454015892858940E1  -3.381805696405443   4.483219527553248E1  
 2.570395782768914E6    -3.301707274634980   4.411995888503167E1  -3.075457701861849  -4.476173166950596E1  -3.065820368546320  -4.486680054622718E1  -3.331058494743823   4.452977791252896E1  
 2.600159563165323E6    -3.254691380433819   4.381496622324527E1  -3.123249449486508  -4.507988366065354E1  -3.110407249307358  -4.518177717795331E1  -3.281342210504325   4.420940650905958E1  
 2.630267991895434E6    -3.205392833809948   4.349732228813939E1  -3.166139254288034  -4.539866968753530E1  -3.156454014317478  -4.550081606026753E1  -3.229613463868782   4.392003691218636E1  
 2.660725059798862E6    -3.151427027547098   4.317310831558829E1  -3.223617552814938  -4.570528296410369E1  -3.208879399289572  -4.581697069453202E1  -3.178545380394890   4.359277126674507E1  
 2.691534803926969E6    -3.105999915821540   4.285507578182979E1  -3.271305210841932  -4.603899835455840E1  -3.257154133782335  -4.616318377424784E1  -3.126951128718758   4.328321876703281E1  
 2.722701308077966E6    -3.058646759343835   4.254873671057066E1  -3.323438240908729  -4.636671797364829E1  -3.308492533646562  -4.646279461967294E1  -3.076147053525821   4.297384687032826E1  
 2.754228703338221E6    -3.011010858232644   4.223202754946973E1  -3.373536700597698  -4.669484976300371E1  -3.359277138555765  -4.679824240847012E1  -3.029463317842031   4.266852774398085E1  
 2.786121168629826E6    -2.960445854558295   4.192477609648328E1  -3.421657336797854  -4.701373723185147E1  -3.416318676299737  -4.712639322836883E1  -2.985890872057918   4.235216158047759E1  
 2.818382931264510E6    -2.916123014675826   4.160904863809242E1  -3.476276594449103  -4.734662632627836E1  -3.469244848130392  -4.744375256983980E1  -2.936994506764576   4.203558803833904E1  
 2.851018267503967E6    -2.869917004054349   4.128720568151759E1  -3.530551762005709  -4.766923112982001E1  -3.514730118453153  -4.776457461884110E1  -2.889188507827676   4.174862419659252E1  
 2.884031503126664E6    -2.820068842763386   4.096855244306526E1  -3.580636085676111  -4.799689494936958E1  -3.573137169997576  -4.809641011704454E1  -2.839702428467566   4.141781804279143E1  
 2.917427014001226E6    -2.780682029603067   4.066479441209555E1  -3.635705157593963  -4.830683924385911E1  -3.622693131684122  -4.840728570696489E1  -2.797286300840189   4.110325010041138E1  
 2.951209226666446E6    -2.731332617945268   4.035732749245407E1  -3.690862935734612  -4.863046278607377E1  -3.675790454820211  -4.872633393285958E1  -2.750388946676777   4.080474044193681E1  
 2.985382618918021E6    -2.685552968289382   4.002564019358268E1  -3.748010684363293  -4.894582284481673E1  -3.736042568080273  -4.905160125749205E1  -2.708433128364228   4.050129911025000E1  
 3.019951720402078E6    -2.607166570804898   3.968327374436937E1  -3.781421283872148  -4.931143534908706E1  -3.788934878215371  -4.941359087522334E1  -2.665491462692784   4.015908754138705E1  
 3.054921113215576E6    -2.566667203935880   3.939887926618787E1  -3.835718707102521  -4.962984379040458E1  -3.841296213982599  -4.973526486096510E1  -2.624856950737331   3.983313320014494E1  
 3.090295432513655E6    -2.526108293607485   3.904222356835454E1  -3.897969481525116  -4.994075722733017E1  -3.904411851875719  -5.007445670649512E1  -2.578707632700694   3.955862414722548E1  
 3.126079367124020E6    -2.482434455259394   3.874787428072936E1  -3.947906143775190  -5.028097486661031E1  -3.949540994977817  -5.036989205236488E1  -2.539126839754748   3.928116801125478E1  
 3.162277660168446E6    -2.451204990486424   3.840909200126131E1  -4.007140216638132  -5.060838854069860E1  -4.006692449630850  -5.066995306966869E1  -2.500977259601411   3.894957097892274E1  
 3.198895109691465E6    -2.409144064924742   3.813646273619633E1  -4.066828769761244  -5.095549427765246E1  -4.072063002063548  -5.105831887716174E1  -2.445761975752301   3.859377329539349E1  
 3.235936569296351E6    -2.375239193825838   3.783548269745870E1  -4.127547658944946  -5.119131894419317E1  -4.125490414744358  -5.135341637719709E1  -2.411034435318975   3.830579832137097E1  
 3.273406948788451E6    -2.336552392417174   3.751928461663741E1  -4.198588283054455  -5.158617699476768E1  -4.187155306136288  -5.164242211648713E1  -2.373358148506995   3.801583278624239E1  
 3.311311214825981E6    -2.296352104447728   3.717532004164304E1  -4.249565019596574  -5.187283276109133E1  -4.245639005247338  -5.198881820121621E1  -2.329393262081859   3.768868758650756E1  
 3.349654391578348E6    -2.264133296660398   3.685555503041768E1  -4.317935323780310  -5.221954012207252E1  -4.311346510686554  -5.233733728354740E1  -2.288015125341867   3.735633102110447E1  
 3.388441561392098E6    -2.220566907606831   3.656109800992932E1  -4.376580369744255  -5.254467493651757E1  -4.370445096258279  -5.261511753804059E1  -2.248178944904373   3.706874785512619E1  
 3.427677865464577E6    -2.187989558681653   3.625753106857361E1  -4.436146077257540  -5.289099096369059E1  -4.424135251858250  -5.293003531948506E1  -2.205720777533069   3.679845855874928E1  
 3.467368504525391E6    -2.155512481410571   3.594846902426914E1  -4.498823446751245  -5.315852606413171E1  -4.492469192396312  -5.324858757313618E1  -2.176705052493629   3.647370744655873E1  
 3.507518739525756E6    -2.102727922570046   3.564630903441663E1  -4.552958874818421  -5.350847430592158E1  -4.552609030309064  -5.359840652930453E1  -2.137504585695751   3.616734075588270E1  
 3.548133892335832E6    -2.073134040932262   3.532416447341603E1  -4.626412337596979  -5.384155892085710E1  -4.621954784291631  -5.389519648192407E1  -2.098234104239010   3.585093478539344E1  
 3.589219346450131E6    -2.032201249535358   3.504253858075161E1  -4.685401163469028  -5.418519931507917E1  -4.676814594545626  -5.422888951791159E1  -2.055293630250864   3.554405757546221E1  
 3.630780547701093E6    -2.008084370843608   3.477639886112427E1  -4.742005448570597  -5.442707221505616E1  -4.743244315241520  -5.453106002546707E1  -2.035589591952019   3.527922568919305E1  
 3.672823004980927E6    -1.973228710654748   3.445195328117914E1  -4.813580778423265  -5.474462587286747E1  -4.804149671593450  -5.482419077278406E1  -1.992769308219627   3.496532714824235E1  
 3.715352290971807E6    -1.934930686391303   3.412802313389081E1  -4.882433624542222  -5.505415818534794E1  -4.876406354093327  -5.513530081136607E1  -1.961674655926204   3.465622805152268E1  
 3.758374042884525E6    -1.905176692567064   3.381680692336615E1  -4.946265381462581  -5.534595033105894E1  -4.939216801135735  -5.549877133369455E1  -1.919266848395957   3.432709521386253E1  
 3.801893963205697E6    -1.864809788391713   3.355731648946581E1  -5.011382882156650  -5.569611793762241E1  -5.006739482174877  -5.580461087630243E1  -1.882544841063101   3.402556009675286E1  
 3.845917820453621E6    -1.833415000587922   3.319958753607963E1  -5.077481748956346  -5.600670440133375E1  -5.074723412347415  -5.607345806609125E1  -1.852250901777325   3.376672480277253E1  
 3.890451449942893E6    -1.808864314947458   3.290780214875744E1  -5.145763456121569  -5.632410121512527E1  -5.135894421326636  -5.639918787063632E1  -1.821055838456788   3.342910743801453E1  
 3.935500754557863E6    -1.779879609021409   3.264012955516042E1  -5.218976662526146  -5.661060975075746E1  -5.208864302369143  -5.670672509140939E1  -1.790722494662190   3.314925026162321E1  
 3.981071705535062E6    -1.743696545083762   3.230252686802453E1  -5.277114704090612  -5.692430883690774E1  -5.270039084747014  -5.700645463365538E1  -1.746351847958514   3.283666991455493E1  
 4.027170343254682E6    -1.713341027787022   3.202225445368111E1  -5.346656450981981  -5.723546491462100E1  -5.341717476687849  -5.735008129552610E1  -1.718529617661601   3.252814057026126E1  
 4.073802778041219E6    -1.690971525299791   3.170129114239221E1  -5.422621622663998  -5.755188161948409E1  -5.419673147622834  -5.760345978679430E1  -1.697829274807394   3.222339096876242E1  
 4.120975190973396E6    -1.654015044619692   3.143088217650059E1  -5.496069070973901  -5.785373384656379E1  -5.486647501439582  -5.793563865276015E1  -1.657969021294665   3.193657913767325E1  
 4.168693834703449E6    -1.614466198439891   3.112332400115513E1  -5.559804850785210  -5.817899810083104E1  -5.541919039113180  -5.824593548494480E1  -1.632609584950267   3.169780761597048E1  
 4.216965034285919E6    -1.595446174053651   3.080305171989238E1  -5.634292937547140  -5.846397556562307E1  -5.620316188721052  -5.855572023113032E1  -1.594627494406593   3.135565745705964E1  
 4.265795188016024E6    -1.563612371064988   3.049248427824241E1  -5.701881117399632  -5.881655014216964E1  -5.690152264760098  -5.887430504516454E1  -1.570039693802025   3.106479689238725E1  
 4.315190768277751E6    -1.528154446674349   3.022455660937178E1  -5.783061873068400  -5.910838018881340E1  -5.759640711363038  -5.919287721071990E1  -1.539612010035143   3.075829260033638E1  
 4.365158322401760E6    -1.510889716420722   2.994975170326555E1  -5.851242420030046  -5.938539270637864E1  -5.828457002579614  -5.946749618411873E1  -1.508528037676373   3.050190584047646E1  
 4.415704473533227E6    -1.478107756737866   2.960742039381884E1  -5.922968680849847  -5.969929187220373E1  -5.908341701330065  -5.975692146064217E1  -1.484206952326326   3.020098338700781E1  
 4.466835921509734E6    -1.451490533273828   2.933684228312136E1  -5.990672728377302  -6.002447982084124E1  -5.976563750651783  -6.007337467501881E1  -1.456090229311614   2.991184958929773E1  
 4.518559443749328E6    -1.424229437847271   2.905368235087281E1  -6.063246599559232  -6.028475686707691E1  -6.056372942244138  -6.038463287299798E1  -1.422003453422309   2.961523083390695E1  
 4.570881896148857E6    -1.407525318741991   2.878637757806124E1  -6.141627443396073  -6.060275471183069E1  -6.132086092407811  -6.063539234239241E1  -1.398571280525909   2.931137124302016E1  
 4.623810213992711E6    -1.372301045378284   2.848511135957583E1  -6.220677413932542  -6.091333714111701E1  -6.194491943427157  -6.098391447972547E1  -1.365141787567261   2.901609698222574E1  
 4.677351412872092E6    -1.352243633918721   2.819289781480401E1  -6.292588423599406  -6.121097864191820E1  -6.268969341224294  -6.129173896702994E1  -1.347836393758917   2.875212911290578E1  
 4.731512589614917E6    -1.321049057037779   2.794307775465410E1  -6.359091397384060  -6.146101921129925E1  -6.351364738564674  -6.152261285488975E1  -1.325873631008873   2.846403953780329E1  
 4.786300923226497E6    -1.303921122746935   2.758781181708755E1  -6.446499387486179  -6.177804376111126E1  -6.426005863419300  -6.181666801285269E1  -1.300882078517968   2.820107019071798E1  
 4.841723675841109E6    -1.276152662327673   2.736127998504564E1  -6.508556928104395  -6.207493047731448E1  -6.496984914243996  -6.212694355410557E1  -1.272147503956465   2.792030095229764E1  
 4.897788193684579E6    -1.257738678367778   2.708123978480072E1  -6.592914140317861  -6.229234975173529E1  -6.580863033085766  -6.243391638710529E1  -1.253909895177175   2.760732451473094E1  
 4.954501908048021E6    -1.228893690716167   2.678491376458774E1  -6.667745375133759  -6.262604731318501E1  -6.651165220070572  -6.272791129167357E1  -1.221354972822621   2.732761730189784E1  
 5.011872336272843E6    -1.204792578622413   2.651437654810481E1  -6.738967966295115  -6.291175510293250E1  -6.734392278955758  -6.298238334003523E1  -1.208088983389944   2.708419902379314E1  
 5.069907082747166E6    -1.179925107124400   2.622070490546429E1  -6.825681958865634  -6.318514882715468E1  -6.806777442107287  -6.329315557164724E1  -1.178375961992256   2.681888321059258E1  
 5.128613839913772E6    -1.162837440397790   2.595338074358985E1  -6.906710418563430  -6.346361255024335E1  -6.889145561322787  -6.355927582369286E1  -1.160726291450934   2.652401752590482E1  
 5.188000389289737E6    -1.141819563200217   2.566904878770856E1  -6.985104266298650  -6.377145276045194E1  -6.960528964551312  -6.383981013962113E1  -1.139294555274304   2.626089207962945E1  
 5.248074602497853E6    -1.121072465610863   2.542233114552691E1  -7.066755519836010  -6.404218093613680E1  -7.046782090017338  -6.411977895675177E1  -1.116101072705738   2.598467003460640E1  
 5.308844442310013E6    -1.096600258075394   2.514701109787648E1  -7.145358448808406  -6.436403258360836E1  -7.124371073993217  -6.441265145750307E1  -1.088569672086928   2.571107430487550E1  
 5.370317963702658E6    -1.072681483777205   2.484509132729255E1  -7.225578502285559  -6.462288931623831E1  -7.203026934711069  -6.467237894382333E1  -1.067337533827725   2.543912849261263E1  
 5.432503314924465E6    -1.060337936255224   2.459901784573020E1  -7.309013588418583  -6.483635480791998E1  -7.281937102924448  -6.495147813073378E1  -1.063968536366463   2.523090817970708E1  
 5.495408738576380E6    -1.026764586005688   2.431306441208922E1  -7.385417507650932  -6.518003884905767E1  -7.368911327480504  -6.524366063349947E1  -1.029806146145363   2.492532949752776E1  
 5.559042572704172E6    -1.016545384579430   2.405295607183214E1  -7.471120241330779  -6.537110863363888E1  -7.455917088892558  -6.552415855439975E1  -1.018465300063975   2.461323732342228E1