 4.415704473533162E5    -1.537449654990789E1   7.712105075012033E1  -1.436658055623369E-1  -9.941798649880919  	 -1.506574055791431E-1  -1.002732204180887E1  -1.538623327441732E1   7.694375410122763E1  
 4.466835921509669E5    -1.527493723647636E1   7.706954699669819E1  -1.533121843396496E-1  -1.008087699034253E1  -1.528070065695623E-1  -1.012132400287187E1  -1.530014683561270E1   7.690508885556339E1  
 4.518559443749262E5    -1.519735856909195E1   7.692602869497712E1  -1.520589638482685E-1  -1.021535979780724E1  -1.522913359436189E-1  -1.023987087373476E1  -1.520586377949300E1   7.678555816381609E1  
 4.570881896148790E5    -1.508167610899257E1   7.681411649337863E1  -1.621986935828960E-1  -1.032410309647645E1  -1.577980534691200E-1  -1.036909795032968E1  -1.510638749517593E1   7.671196887745603E1  
 4.623810213992643E5    -1.500626199714407E1   7.679415837310971E1  -1.621006662560999E-1  -1.042706039201002E1  -1.590085209124989E-1  -1.046463753247750E1  -1.500265255813475E1   7.658345496326889E1  
 4.677351412872023E5    -1.491092665840353E1   7.666003204626635E1  -1.669963091688944E-1  -1.054295108467032E1  -1.589118489646098E-1  -1.059171269653604E1  -1.491160805875686E1   7.645461215721271E1  
 4.731512589614847E5    -1.480481047902616E1   7.643607353963246E1  -1.673444671842926E-1  -1.068044843184458E1  -1.614592914153239E-1  -1.067165039035459E1  -1.481876146919812E1   7.633695281380368E1  
 4.786300923226426E5    -1.471278104755021E1   7.642880193161122E1  -1.844203779626343E-1  -1.077079382279138E1  -1.657559970769571E-1  -1.079042863758622E1  -1.470751900482475E1   7.638728165134370E1  
 4.841723675841037E5    -1.462522419688494E1   7.634541194653455E1  -1.782477689986472E-1  -1.090291326060294E1  -1.704866146354237E-1  -1.095770011889055E1  -1.462664021726645E1   7.621749932058684E1  
 4.897788193684507E5    -1.453229882389402E1   7.618809273527459E1  -1.812050757516042E-1  -1.103713449091360E1  -1.738301985178150E-1  -1.107958609766881E1  -1.453497802388891E1   7.606446319102749E1  
 4.954501908047948E5    -1.442650150821767E1   7.604211522413559E1  -1.813904433799274E-1  -1.117614419718109E1  -1.796724228140726E-1  -1.120150938185938E1  -1.444573605426075E1   7.598891916221515E1  
 5.011872336272769E5    -1.433486739879752E1   7.591274893690282E1  -1.850770899074238E-1  -1.133649389322254E1  -1.782339377153317E-1  -1.132743799656258E1  -1.435535644140669E1   7.591418787428594E1  
 5.069907082747091E5    -1.423656904665567E1   7.593128025793715E1  -1.954673039161906E-1  -1.141135891135133E1  -1.821578539486576E-1  -1.145521321546928E1  -1.425459014777820E1   7.572174161266682E1  
 5.128613839913696E5    -1.415961541850873E1   7.585393514011481E1  -1.932260861213736E-1  -1.153389052016701E1  -1.917775104750479E-1  -1.157702946905786E1  -1.415693391427518E1   7.563732651561620E1  
 5.188000389289660E5    -1.406419881763105E1   7.564752289194720E1  -1.961416849412064E-1  -1.169492376489189E1  -1.874563160957616E-1  -1.172615214895339E1  -1.407451278415699E1   7.547587369743302E1  
 5.248074602497775E5    -1.395929681544501E1   7.554249773010611E1  -2.059518742772217E-1  -1.182109915683008E1  -1.932352091419082E-1  -1.185548549796884E1  -1.397949987917692E1   7.537968599480905E1  
 5.308844442309934E5    -1.387839914101630E1   7.548880448290548E1  -2.039274861816394E-1  -1.195832314255000E1  -2.045446869333358E-1  -1.200049027790257E1  -1.389146126550758E1   7.529416046955771E1  
 5.370317963702579E5    -1.379106282068419E1   7.530349642876699E1  -2.105567741161613E-1  -1.209458712295358E1  -2.021120988398808E-1  -1.209813995226651E1  -1.378943617939279E1   7.515119366932829E1  
 5.432503314924385E5    -1.369295904966865E1   7.527882343579420E1  -2.153478562714326E-1  -1.220202490240796E1  -2.144885723869776E-1  -1.229346550938868E1  -1.370126254985675E1   7.510586185818588E1  
 5.495408738576298E5    -1.357770698049220E1   7.510107840156545E1  -2.184302139379493E-1  -1.236502018877609E1  -2.099198138713494E-1  -1.238607408471234E1  -1.361182016926005E1   7.492274414209774E1  
 5.559042572704089E5    -1.351118175158050E1   7.496769454411408E1  -2.190239401576165E-1  -1.250048592744488E1  -2.173325270510327E-1  -1.254423649543483E1  -1.351418278691440E1   7.482598966520435E1  
 5.623413251903545E5    -1.340940199417406E1   7.481701902247905E1  -2.255179798798949E-1  -1.265876666326101E1  -2.216454873356384E-1  -1.267455243010315E1  -1.342595069734458E1   7.463385474087754E1  
 5.688529308438470E5    -1.331210501386996E1   7.470516415507606E1  -2.362084833011124E-1  -1.278688960939400E1  -2.230892222280483E-1  -1.284308437286070E1  -1.333862775083868E1   7.457432823732320E1  
 5.754399373371626E5    -1.321845384443851E1   7.459726567856863E1  -2.342231178701232E-1  -1.293505138720586E1  -2.283641561321169E-1  -1.296771601348175E1  -1.324014444247394E1   7.441523029087712E1  
 5.821032177708772E5    -1.314458266197939E1   7.443101868402077E1  -2.392793102380094E-1  -1.308763651658878E1  -2.307500123219206E-1  -1.312959121362074E1  -1.315030214545967E1   7.427793953758129E1  
 5.888436553555948E5    -1.304778254783049E1   7.432002232285016E1  -2.461691564144329E-1  -1.322404069051022E1  -2.382584649144078E-1  -1.327962756051895E1  -1.306259504805182E1   7.414113909786747E1  
 5.956621435290164E5    -1.295263003306737E1   7.423606593218750E1  -2.559576023917817E-1  -1.337852141275021E1  -2.395422492724889E-1  -1.340576298543071E1  -1.296495969094426E1   7.404024713759094E1  
 6.025595860743638E5    -1.285002603285535E1   7.408087458047407E1  -2.567977226163622E-1  -1.352359524786938E1  -2.469111969684203E-1  -1.358901078075415E1  -1.287021126819166E1   7.391772305863468E1  
 6.095368972401753E5    -1.276513735448661E1   7.397112383769644E1  -2.594182568945037E-1  -1.367974640725969E1  -2.551012694935277E-1  -1.373217087219839E1  -1.279433268193785E1   7.377647867293013E1  
 6.165950018614885E5    -1.267431410284045E1   7.386755045770902E1  -2.612672521973285E-1  -1.382351721143939E1  -2.630535514617601E-1  -1.389393141673932E1  -1.269135268290376E1   7.360751817937693E1  
 6.237348354824256E5    -1.257744029363748E1   7.370254689425457E1  -2.722385483425844E-1  -1.400484149232843E1  -2.677219449782012E-1  -1.402497145019099E1  -1.260174516584227E1   7.355377637515552E1  
 6.309573444801997E5    -1.247600380873825E1   7.355103137760376E1  -2.831481827582526E-1  -1.415239892178710E1  -2.728292751414694E-1  -1.418667626711205E1  -1.251271391511074E1   7.337111863962539E1  
 6.382634861905553E5    -1.240332401959969E1   7.343284061601617E1  -2.839124860036149E-1  -1.426696812132921E1  -2.774106538088944E-1  -1.437028653204167E1  -1.242126462487711E1   7.323858988608872E1  
 6.456542290346623E5    -1.230814556623731E1   7.325653681536971E1  -2.853508853756753E-1  -1.448139658612462E1  -2.857018473185279E-1  -1.450877951587175E1  -1.233602461661062E1   7.306204622646030E1  
 6.531305526474792E5    -1.221516495424991E1   7.312335972953368E1  -2.953378637505720E-1  -1.459830065161916E1  -2.856528181170133E-1  -1.468624360837678E1  -1.223495083183229E1   7.287093225866246E1  
 6.606934480076031E5    -1.212705690969848E1   7.302424932127906E1  -3.031705664273824E-1  -1.478498643153302E1  -2.962406770162216E-1  -1.486102691801936E1  -1.215120956426013E1   7.281741332186752E1  
 6.683439175686218E5    -1.202963541706838E1   7.283452085794278E1  -3.089385900356436E-1  -1.495594778791364E1  -2.968976232534542E-1  -1.500663271567134E1  -1.205732346126457E1   7.262610031303832E1  
 6.760829753919891E5    -1.192942697231108E1   7.267977763203393E1  -3.152162169257203E-1  -1.510867173285653E1  -3.073452901255871E-1  -1.517991530939182E1  -1.196939096893928E1   7.246887376281073E1  
 6.839116472814368E5    -1.184480642391744E1   7.258206152530130E1  -3.195067340154157E-1  -1.526734529118605E1  -3.170431330933907E-1  -1.531997572327988E1  -1.187709984820354E1   7.234450182211833E1  
 6.918309709189441E5    -1.177038397691368E1   7.237876555302481E1  -3.255055525634408E-1  -1.541980786957387E1  -3.200961785033298E-1  -1.548242653760313E1  -1.178488884742891E1   7.220095593753821E1  
 6.998419960022812E5    -1.166985223914868E1   7.224369450245678E1  -3.338800872515099E-1  -1.562376571547132E1  -3.252764194985263E-1  -1.568418143482222E1  -1.169757231174701E1   7.201037459787327E1  
 7.079457843841458E5    -1.158623570314171E1   7.210836020665762E1  -3.449385752409020E-1  -1.577408067870495E1  -3.355671471161851E-1  -1.586578981691043E1  -1.160814253355842E1   7.189588017026418E1  
 7.161434102129100E5    -1.148557904257290E1   7.196760386501551E1  -3.543081037055308E-1  -1.595691461838948E1  -3.475255673258734E-1  -1.603407198836170E1  -1.151048096358196E1   7.177150954528773E1  
 7.244359600749982E5    -1.139659035381173E1   7.179227558644416E1  -3.591228606948888E-1  -1.614711705867119E1  -3.483211183027064E-1  -1.620822581269393E1  -1.143079993366917E1   7.156989931894182E1  
 7.328245331389124E5    -1.130583704019805E1   7.162437156521693E1  -3.678250317465815E-1  -1.630201603669353E1  -3.577756522063967E-1  -1.638830472397064E1  -1.132893771289492E1   7.144054715995472E1  
 7.413102413009260E5    -1.123612124735451E1   7.147621487253147E1  -3.776461864321847E-1  -1.650495229359042E1  -3.666792134272253E-1  -1.656289142557773E1  -1.124512667421230E1   7.123852341231294E1  
 7.498942093324644E5    -1.113006100399641E1   7.128713427120253E1  -3.861793991849346E-1  -1.668461859199233E1  -3.696598369481977E-1  -1.676173169064232E1  -1.116120479535327E1   7.112286872678372E1  
 7.585775750291925E5    -1.104739912735429E1   7.118600550647194E1  -3.955436944270869E-1  -1.685053210886719E1  -3.839740805888947E-1  -1.696927957752684E1  -1.107265187618863E1   7.095147072863387E1  
 7.673614893618278E5    -1.096154772469859E1   7.103237757067716E1  -3.979228813335981E-1  -1.703841381894460E1  -3.946585656426304E-1  -1.711411766327415E1  -1.097562915918854E1   7.082334628256493E1  
 7.762471166287008E5    -1.086261256254431E1   7.082761911878572E1  -4.123243261807745E-1  -1.724974654300456E1  -3.966582912587544E-1  -1.731863350653345E1  -1.089609786255720E1   7.059475117488965E1  
 7.852356346100810E5    -1.077080396502300E1   7.064390056690399E1  -4.153133852983151E-1  -1.740364388391445E1  -4.036258605732737E-1  -1.751132254464422E1  -1.080610211271728E1   7.043399280567661E1  
 7.943282347242909E5    -1.069279922224068E1   7.049244641510104E1  -4.303997427800430E-1  -1.757523212526109E1  -4.159541249049279E-1  -1.769399058992095E1  -1.070745904835660E1   7.028564798108778E1  
 8.035261221856268E5    -1.061118338606329E1   7.028978542920400E1  -4.314335686702867E-1  -1.780104274453317E1  -4.230782874591764E-1  -1.787997378328671E1  -1.063184125826804E1   7.006832447332162E1  
 8.128305161641089E5    -1.052110271973670E1   7.012981336600205E1  -4.390539733924588E-1  -1.797788905168044E1  -4.327740042218385E-1  -1.807494931188300E1  -1.053839617196635E1   6.990362639333431E1  
 8.222426499470810E5    -1.042785992165744E1   6.996004737149752E1  -4.532419166094933E-1  -1.816662297248248E1  -4.480016110684596E-1  -1.827256914292275E1  -1.045459611477184E1   6.970565415153735E1  
 8.317637711026811E5    -1.033122217386931E1   6.977615565511492E1  -4.748861841458684E-1  -1.837833309932182E1  -4.550590886121422E-1  -1.844675506207340E1  -1.035631733413903E1   6.955718422482964E1  
 8.413951416452053E5    -1.025608469824462E1   6.959094738666252E1  -4.794311789856198E-1  -1.855509697141802E1  -4.639707329981105E-1  -1.865719591843243E1  -1.027028214881468E1   6.942303710816668E1  
 8.511380382023869E5    -1.016794777332635E1   6.939733136975518E1  -4.892968390352701E-1  -1.877807864603019E1  -4.696770284906759E-1  -1.884388000967061E1  -1.019291398086323E1   6.918189380133518E1  
 8.609937521846113E5    -1.008074651440217E1   6.916763953889637E1  -5.009170972840080E-1  -1.898075021357525E1  -4.809504272532670E-1  -1.904973710855648E1  -1.009955196076756E1   6.906781699056704E1  
 8.709635899560915E5    -9.987329527996060     6.901139811838476E1  -5.081674497286252E-1  -1.918372728813337E1  -4.928000298555558E-1  -1.924537355210522E1  -1.002166319240537E1   6.887230909311833E1  
 8.810488730080251E5    -9.890446215803099     6.884814755298733E1  -5.205098995126669E-1  -1.936060361403036E1  -5.117933237062409E-1  -1.947041159985407E1  -9.935165953971900     6.866367021639275E1  
 8.912509381337568E5    -9.809885822253344     6.866776075277807E1  -5.313365742297913E-1  -1.958842618989216E1  -5.217972660333684E-1  -1.968505955717162E1  -9.843042909509752     6.847925235488873E1  
 9.015711376059683E5    -9.727357244393549     6.847800992914165E1  -5.424945502560149E-1  -1.978154270132793E1  -5.340929244641564E-1  -1.989927310290130E1  -9.762625433866401     6.824911333255427E1  
 9.120108393559214E5    -9.641113312693177     6.826600093964458E1  -5.606172781114592E-1  -2.000300748952815E1  -5.403106098260863E-1  -2.010979443772772E1  -9.668781063152389     6.805349053764324E1  
 9.225714271547750E5    -9.555617973976251     6.806182811256797E1  -5.680527149997215E-1  -2.021756005896524E1  -5.546409652222101E-1  -2.029127143394598E1  -9.592503043062541     6.791889448092631E1  
 9.332543007970031E5    -9.481978859494065     6.790127260087097E1  -5.836910145818024E-1  -2.043629240304617E1  -5.668258548698903E-1  -2.051964015429338E1  -9.500421610903789     6.770515436887345E1  
 9.440608762859356E5    -9.386832278251438     6.764824591090060E1  -5.944379943405157E-1  -2.065991921309207E1  -5.812947876835457E-1  -2.073734439294696E1  -9.414845162313473     6.753446552731558E1  
 9.549925860214484E5    -9.300165629471897     6.749625792233071E1  -6.058703370121403E-1  -2.084879170661362E1  -5.912260710073830E-1  -2.094725702178631E1  -9.335099622148725     6.732112631844233E1  
 9.660508789898260E5    -9.212137789150509     6.727203151821826E1  -6.163664897313101E-1  -2.106226421698701E1  -6.046561707417557E-1  -2.117970090487345E1  -9.250030648029945     6.709587605882118E1  
 9.772372209558234E5    -9.130123395370434     6.705358908178441E1  -6.320019486195462E-1  -2.130124348366105E1  -6.177146736591317E-1  -2.139477852264690E1  -9.160674431583805     6.691509801989244E1  
 9.885530946569518E5    -9.056651034539794     6.687673844059103E1  -6.491269814445819E-1  -2.151638875441157E1  -6.315027557999332E-1  -2.163233411810010E1  -9.078534402112538     6.670150508606699E1  
 1.000000000000013E6    -8.967127347310120     6.665592285339297E1  -6.586921741228266E-1  -2.172684318684525E1  -6.392996392621535E-1  -2.183344068431643E1  -8.995245422710196     6.649187024441311E1  
 1.011579454259912E6    -8.885069179400682     6.641994937035128E1  -6.747130894924943E-1  -2.196222272288626E1  -6.660043267752689E-1  -2.204692658862289E1  -8.911496781702194     6.630526950010135E1  
 1.023292992280768E6    -8.794139918905765     6.619651518944863E1  -6.891448372707405E-1  -2.220499665435535E1  -6.782054728692620E-1  -2.227930872477379E1  -8.831509799130101     6.608197741406774E1  
 1.035142166679358E6    -8.704602842253253     6.600108736856950E1  -6.992175042829385E-1  -2.241837984945941E1  -6.926447477142683E-1  -2.250223768919914E1  -8.748790129573228     6.588044371047174E1  
 1.047128548050914E6    -8.632434697140454     6.581415281396269E1  -7.227203672188199E-1  -2.262227967619572E1  -7.060678825232559E-1  -2.273604271490763E1  -8.665283688941223     6.564572636253169E1  
 1.059253725177303E6    -8.540786728524235     6.554228392169135E1  -7.338491720685527E-1  -2.288854876643500E1  -7.247608986735499E-1  -2.297781566757474E1  -8.593360331324604     6.543699956362600E1  
 1.071519305237621E6    -8.458129867746530     6.536793737022572E1  -7.506046963668648E-1  -2.310119785175976E1  -7.382200134853519E-1  -2.319902600307901E1  -8.501308212400392     6.525000380656645E1  
 1.083926914021219E6    -8.374214186615602     6.513659429351844E1  -7.644734025406468E-1  -2.335355721101943E1  -7.557723595480229E-1  -2.344747277420166E1  -8.423833862346827     6.499894790867047E1  
 1.096478196143200E6    -8.297276360977238     6.490782742568977E1  -7.793888820663838E-1  -2.356856666151775E1  -7.707768979398383E-1  -2.367225990694739E1  -8.341339687051702     6.478197223167808E1  
 1.109174815262417E6    -8.219969272525855     6.467231251402586E1  -7.946523300160667E-1  -2.380593705567449E1  -7.813708142507789E-1  -2.391903704514120E1  -8.259815934453759     6.454851735904342E1  
 1.122018454301979E6    -8.134954680022581     6.446645829327896E1  -8.254987302822824E-1  -2.406507152206201E1  -8.054191515944675E-1  -2.415338586279924E1  -8.174592256668630     6.436765366053511E1  
 1.135010815672331E6    -8.052128584913756     6.421186248827857E1  -8.363938152351365E-1  -2.428085372605394E1  -8.228800121272163E-1  -2.440867778349939E1  -8.092478462064420     6.411921095066828E1  
 1.148153621496899E6    -7.973090868122514     6.398949785760296E1  -8.528728332792528E-1  -2.452689524392582E1  -8.372446204241469E-1  -2.465281254549459E1  -8.020698141167191     6.387130553187132E1  
 1.161448613840359E6    -7.893467884076730     6.374090329047406E1  -8.734645116542580E-1  -2.481019577888053E1  -8.572596458360625E-1  -2.489436204164322E1  -7.931624781787049     6.365879025490688E1  
 1.174897554939546E6    -7.808839737971570     6.351802037320733E1  -8.884635105180498E-1  -2.502326990916497E1  -8.713108234031177E-1  -2.513218578392703E1  -7.852078462392220     6.343113681773596E1  
 1.188502227437036E6    -7.727181801875230     6.328447843415661E1  -9.019125106923119E-1  -2.526849031955862E1  -8.905906924871238E-1  -2.540415000814373E1  -7.780737359657252     6.318667595863850E1  
 1.202264434617430E6    -7.649468680108766     6.302642945210999E1  -9.229801574237569E-1  -2.551098802612319E1  -9.096474404558924E-1  -2.561939608682747E1  -7.700095819564577     6.297130693013067E1  
 1.216186000646386E6    -7.569586512143411     6.281783232657934E1  -9.413675638404688E-1  -2.576173105422569E1  -9.260706262774821E-1  -2.588771929173069E1  -7.624031954706613     6.272127229572193E1  
 1.230268770812400E6    -7.491465149286364     6.253745419738694E1  -9.628910245134564E-1  -2.600754490088321E1  -9.459520032783678E-1  -2.614149104101388E1  -7.546785277469835     6.248668657866704E1  
 1.244514611771404E6    -7.417623185486957     6.230185330552319E1  -9.782321098679223E-1  -2.627751853418393E1  -9.684867030393360E-1  -2.638885032668089E1  -7.458829568434237     6.223599602389691E1  
 1.258925411794186E6    -7.346090462605851     6.205279916519553E1  -1.004166479049366     -2.652692557119150E1  -9.884234236396544E-1  -2.661381602874158E1  -7.380289905013142     6.203039166569161E1  
 1.273503081016681E6    -7.265514888288982     6.181994107789160E1  -1.021291082621632     -2.677819500424283E1  -1.011478874285628     -2.689872993349053E1  -7.305387538180375     6.177038723788277E1  
