 5.623413251903629E6    -9.922352521583321E-1   2.380481718152974E1  -7.548016300395624    -6.565703886847037E1  -7.527428419936962    -6.581991921229795E1  -9.985363349235729E-1   2.441697581454048E1  
 5.688529308438554E6    -9.657511413265449E-1   2.351663745508430E1  -7.625641516044428    -6.599809562985649E1  -7.607822167037399    -6.603511618571787E1  -9.793106188643722E-1   2.419313105931584E1  
 5.754399373371711E6    -9.486353283916991E-1   2.327092092050544E1  -7.704460156760988    -6.625135442491514E1  -7.691287434602343    -6.634620230114138E1  -9.587739241158760E-1   2.387784164708898E1  
 5.821032177708858E6    -9.367810162976585E-1   2.301062603867364E1  -7.798684334432501    -6.647559060397958E1  -7.780838802125583    -6.660168349675564E1  -9.402339846753409E-1   2.360245689195379E1  
 5.888436553556035E6    -9.212204482340396E-1   2.274520456427744E1  -7.876604005607184    -6.678904625557560E1  -7.859289744351505    -6.691451522054074E1  -9.195618199990796E-1   2.334544799874918E1  
 5.956621435290252E6    -9.004203642926245E-1   2.249666746099655E1  -7.964451990965204    -6.702919101785894E1  -7.946792877938854    -6.717033842974196E1  -9.048347434239121E-1   2.311507739731553E1  
 6.025595860743727E6    -8.861389296824616E-1   2.225727861869489E1  -8.045449465556960    -6.729374909618872E1  -8.021999502018579    -6.739481895481950E1  -8.907263750994804E-1   2.285909664462112E1  
 6.095368972401843E6    -8.709461486274901E-1   2.198657166461377E1  -8.137781270228533    -6.755100432519764E1  -8.104070072468348    -6.766332130483397E1  -8.687928262411552E-1   2.259890821894731E1  
 6.165950018614975E6    -8.511291582218449E-1   2.172283965100619E1  -8.217103790471198    -6.780301677057214E1  -8.194340341121791    -6.793005915995381E1  -8.586593179734321E-1   2.232850809714903E1  
 6.237348354824347E6    -8.362667606223693E-1   2.147747802729927E1  -8.298912681683946    -6.804670423640545E1  -8.276340386888005    -6.814085767626075E1  -8.383877724979933E-1   2.212652961403475E1  
 6.309573444802090E6    -8.288482998392690E-1   2.124753226475330E1  -8.393375355871681    -6.831462722331182E1  -8.359329251493797    -6.841981317938642E1  -8.174543107050384E-1   2.185072828211044E1  
 6.382634861905647E6    -8.034537657707727E-1   2.097015559267473E1  -8.480688187890657    -6.857508549093879E1  -8.444661888557198    -6.866730304724528E1  -8.159623763125522E-1   2.161388659806600E1  
 6.456542290346718E6    -7.963721937584716E-1   2.073695847634306E1  -8.564449634521889    -6.882350678754153E1  -8.533437748265035    -6.894136722533570E1  -7.860081412061527E-1   2.135779584519421E1  
 6.531305526474888E6    -7.682347369309437E-1   2.049074651584843E1  -8.646335485901501    -6.907920336850455E1  -8.619929532200008    -6.918274874856422E1  -7.743121302096003E-1   2.114438260802640E1  
 6.606934480076128E6    -7.613441511415366E-1   2.025700667099502E1  -8.740576114789269    -6.931937586697448E1  -8.703551078701310    -6.944528820777420E1  -7.654612937583828E-1   2.091555596961278E1  
 6.683439175686316E6    -7.453075590226880E-1   2.001126354581335E1  -8.816669088838296    -6.952086029783072E1  -8.798285922376461    -6.970335539585675E1  -7.462110523627129E-1   2.063061399792584E1  
 6.760829753919990E6    -7.331629582472853E-1   1.976978498467055E1  -8.907570697735764    -6.976428749819729E1  -8.880585341354891    -6.995852013542346E1  -7.289915959580160E-1   2.043380949322579E1  
 6.839116472814468E6    -7.140295367299050E-1   1.949072636938708E1  -9.009101171642271    -7.006076665973366E1  -8.963932302392378    -7.017477025366330E1  -7.192716428979863E-1   2.021428628325525E1  
 6.918309709189542E6    -7.010613603584014E-1   1.927371794404414E1  -9.088081139101353    -7.029830589275714E1  -9.059379900239994    -7.041286140717756E1  -7.098672900962545E-1   1.994293860209998E1  
 6.998419960022914E6    -6.905338930367615E-1   1.906390811097552E1  -9.180740634180099    -7.052134173826757E1  -9.139609582060048    -7.068344050080850E1  -6.955971297740696E-1   1.973103971588234E1  
 7.079457843841561E6    -6.834053023767251E-1   1.884378515163481E1  -9.261412498082001    -7.077200479842169E1  -9.231178555625291    -7.089467130980320E1  -6.875949055603715E-1   1.950120123758321E1  
 7.161434102129205E6    -6.551278237585108E-1   1.857338638168377E1  -9.356814877067279    -7.101062085960157E1  -9.324686157781883    -7.110853221510386E1  -6.727683939569294E-1   1.927579495302167E1  
 7.244359600750088E6    -6.550747265884128E-1   1.836644287319000E1  -9.452254395483569    -7.122445776906156E1  -9.408111370865418    -7.135403485728500E1  -6.635307927579289E-1   1.902903377918873E1  
 7.328245331389231E6    -6.429789997990174E-1   1.815619132544363E1  -9.532308249248121    -7.145366355121074E1  -9.491635958202755    -7.165634560388912E1  -6.461278475938035E-1   1.878876630382709E1  
 7.413102413009368E6    -6.305088453636754E-1   1.790631518512941E1  -9.632172698468414    -7.167624462702487E1  -9.590812766062490    -7.184374783833330E1  -6.327668371823771E-1   1.858140245031195E1  
 7.498942093324754E6    -6.073392484195703E-1   1.768384048911699E1  -9.712404320391304    -7.192112815576944E1  -9.677033249235329    -7.211027149721315E1  -6.154777061093287E-1   1.833722000642295E1  
 7.585775750292036E6    -6.003982687167540E-1   1.743876364833318E1  -9.813985827356158    -7.217912165913550E1  -9.766983926927743    -7.232068703051615E1  -6.046246391288258E-1   1.815357644870646E1  
 7.673614893618390E6    -5.973733958391432E-1   1.725550557653658E1  -9.894364246442221    -7.235794344097782E1  -9.860486521188731    -7.250810507798909E1  -6.036735928214426E-1   1.791950615089383E1  
 7.762471166287120E6    -5.813958486346513E-1   1.697506611760120E1  -9.989528572137457    -7.259461792411783E1  -9.951058555670237    -7.274155628380905E1  -5.939843512720113E-1   1.772419138767719E1  
 7.852356346100924E6    -5.769433009467024E-1   1.679259196770956E1  -1.007967059814370E1  -7.280990921731737E1  -1.004935032768697E1  -7.299604116788288E1  -5.840168031805594E-1   1.749256320061885E1  
 7.943282347243024E6    -5.632784265336259E-1   1.656913331977677E1  -1.017407219885114E1  -7.301704477716082E1  -1.013172315790712E1  -7.322094031562725E1  -5.729913005237143E-1   1.728200349749526E1  
 8.035261221856385E6    -5.530462251496014E-1   1.636503640926913E1  -1.027377024720814E1  -7.322428232449798E1  -1.022671021596760E1  -7.342606388605441E1  -5.610474622955560E-1   1.704335940727022E1  
 8.128305161641208E6    -5.356654095302482E-1   1.613120375797790E1  -1.036158594145863E1  -7.349862544654548E1  -1.031499362308109E1  -7.365093524480339E1  -5.517535125986960E-1   1.684716276832192E1  
 8.222426499470930E6    -5.273948497532864E-1   1.592955433900414E1  -1.046181846530436E1  -7.365685366426978E1  -1.041435053460388E1  -7.393056370311560E1  -5.369261920819576E-1   1.662014171674040E1  
 8.317637711026931E6    -5.212551152000360E-1   1.569870618306162E1  -1.055083533085888E1  -7.383996543643622E1  -1.050190433651235E1  -7.411784875259539E1  -5.343418121809411E-1   1.643242412128030E1  
 8.413951416452175E6    -5.131126073737150E-1   1.551745973996563E1  -1.064254720846997E1  -7.405581972059287E1  -1.059565526572074E1  -7.428800668041016E1  -5.251831114911226E-1   1.623231128667991E1  
 8.511380382023992E6    -5.047590363095125E-1   1.529456895433331E1  -1.073189410823228E1  -7.426659599593276E1  -1.069539593488496E1  -7.454677773169382E1  -5.177371158132248E-1   1.600505427272542E1  
 8.609937521846237E6    -4.901189389289232E-1   1.503792993484889E1  -1.082858891896834E1  -7.452730818868788E1  -1.078881300034367E1  -7.470958114768844E1  -5.065685331483463E-1   1.579101028161324E1  
 8.709635899561040E6    -4.856412169112033E-1   1.486238799708202E1  -1.091641942019565E1  -7.466957208116067E1  -1.088125805765140E1  -7.492142071747675E1  -4.978262794126657E-1   1.562144846340924E1  
 8.810488730080377E6    -4.774660274558188E-1   1.464465682742722E1  -1.102031406923934E1  -7.488652183518359E1  -1.097474596342127E1  -7.518438978393613E1  -4.902360919088651E-1   1.540195260373515E1  
 8.912509381337695E6    -4.659159273652752E-1   1.444825433562796E1  -1.111117740672159E1  -7.510422422876238E1  -1.107193389012189E1  -7.538755948930564E1  -4.867978718225265E-1   1.523025150144994E1  
 9.015711376059812E6    -4.629881312528173E-1   1.425540581995436E1  -1.121350290407800E1  -7.532664890849983E1  -1.115759463837807E1  -7.555174453855227E1  -4.777983327764890E-1   1.501017964564228E1  
 9.120108393559344E6    -4.580498536194830E-1   1.405685246869580E1  -1.131013990304470E1  -7.552622610073166E1  -1.125126180524966E1  -7.578636007616613E1  -4.623916998823284E-1   1.482072220874493E1  
 9.225714271547882E6    -4.463492840163106E-1   1.383303597913002E1  -1.140391751959602E1  -7.572443289328579E1  -1.134476356402469E1  -7.596292346535552E1  -4.553398940093497E-1   1.462573399196278E1  
 9.332543007970164E6    -4.368585697764705E-1   1.363961116502690E1  -1.149929773919220E1  -7.592853122778897E1  -1.145142811987289E1  -7.620826494852631E1  -4.472430747488194E-1   1.442473607159377E1  
 9.440608762859490E6    -4.333888015928411E-1   1.347858925391067E1  -1.159051465012256E1  -7.604576967763130E1  -1.153409163330964E1  -7.640058031762460E1  -4.412682544417602E-1   1.427462138704759E1  
 9.549925860214619E6    -4.259454572205578E-1   1.327344453648707E1  -1.169345155710743E1  -7.629433103953711E1  -1.163850708310269E1  -7.661844280935534E1  -4.316714966572676E-1   1.406311226919990E1  
 9.660508789898397E6    -4.163310616913586E-1   1.305551983325939E1  -1.179718504323510E1  -7.651667922752607E1  -1.173030859880417E1  -7.679985749724274E1  -4.340024811642879E-1   1.386984289040516E1  
 9.772372209558373E6    -4.153520166171353E-1   1.287096157456127E1  -1.188329042162533E1  -7.671352445497550E1  -1.183853099678715E1  -7.695337402896870E1  -4.206370078885660E-1   1.366083920039029E1  
 9.885530946569659E6    -3.934721584513998E-1   1.266505015884838E1  -1.198217310934863E1  -7.688297649067521E1  -1.192404869589822E1  -7.719387355385457E1  -4.121308193571505E-1   1.350909821028303E1  
 1.000000000000027E7    -3.965792940453212E-1   1.246436340648261E1  -1.209634156380754E1  -7.677084601637878E1  -1.204795134869081E1  -7.739892786807833E1  -3.932664550663805E-1   1.314567397053787E1  
 1.011579454259926E7    -3.979385100041671E-1   1.224271079674260E1  -1.220738542656277E1  -7.722648307471333E1  -1.214967025098493E1  -7.726372092594987E1  -4.133256817033648E-1   1.310971626255891E1  
 1.023292992280782E7    -3.919081851046983E-1   1.211614325969242E1  -1.228581947172736E1  -7.737679359723435E1  -1.224047128013306E1  -7.765614192269653E1  -3.935722841375338E-1   1.293873373015883E1  
 1.035142166679372E7    -3.855295020447422E-1   1.192167333959253E1  -1.239844293941758E1  -7.752394395312837E1  -1.234375345501548E1  -7.773643610626429E1  -3.936079021649497E-1   1.274702239831581E1  
 1.047128548050928E7    -3.672246106115476E-1   1.168382606762887E1  -1.248927270603124E1  -7.774589069768462E1  -1.244247136771970E1  -7.814016076049079E1  -3.746614417219603E-1   1.252502111494868E1  
 1.059253725177318E7    -3.656321496139227E-1   1.159852557740715E1  -1.257144637821706E1  -7.793020636474076E1  -1.254922005399101E1  -7.808467616652015E1  -3.522815050644771E-1   1.237927803317510E1  
 1.071519305237636E7    -3.679085470517373E-1   1.138113287113365E1  -1.269190569480446E1  -7.804275508819403E1  -1.263776373882477E1  -7.839921802816980E1  -3.537620352656167E-1   1.220297869358349E1  
 1.083926914021234E7    -3.478996454235660E-1   1.118835894032841E1  -1.277561670670020E1  -7.822144537173915E1  -1.273810813301993E1  -7.845045925879325E1  -3.626234156963924E-1   1.193027357372260E1  
 1.096478196143215E7    -3.581610365437908E-1   1.092108662084088E1  -1.290164840222133E1  -7.844486734419210E1  -1.286114446059074E1  -7.871330130501845E1  -3.515634969410773E-1   1.178379170267705E1  
 1.109174815262432E7    -3.374789488967369E-1   1.083069556676631E1  -1.295331386604732E1  -7.852550566743737E1  -1.294305510314639E1  -7.888471475821683E1  -3.491944429164181E-1   1.163398062452908E1  
 1.122018454301995E7    -3.419929764672657E-1   1.061695501114564E1  -1.307549576836771E1  -7.872607218057676E1  -1.303711662533579E1  -7.908762374690627E1  -3.367885035603297E-1   1.151672602716041E1  
 1.135010815672347E7    -3.364991347196281E-1   1.049160609013249E1  -1.318952953643983E1  -7.870677898404736E1  -1.313382291611320E1  -7.927913194779141E1  -3.361182342664764E-1   1.133156174983296E1  
 1.148153621496915E7    -3.309685239295783E-1   1.023774301201882E1  -1.327242125688654E1  -7.903803607140581E1  -1.325049122841202E1  -7.959093733684750E1  -3.334674614953179E-1   1.115368095821881E1  
 1.161448613840375E7    -3.161697130559086E-1   1.007302822125982E1  -1.338753797178566E1  -7.921622912213603E1  -1.333694011036567E1  -7.946348855432156E1  -3.398518092230196E-1   1.108673361140449E1  
 1.174897554939563E7    -3.177387866540781E-1   1.003276441331570E1  -1.347424644181028E1  -7.922804134081251E1  -1.345762393507665E1  -7.978313125394783E1  -3.249252406236346E-1   1.092833412922170E1  
 1.188502227437052E7    -3.216730560496754E-1   9.776697042165834    -1.359470525474780E1  -7.954908083701200E1  -1.354942177691383E1  -7.990955410274636E1  -3.095915615976764E-1   1.064982821020771E1  
 1.202264434617447E7    -3.036461664000944E-1   9.515206690029554    -1.367987546510391E1  -7.983606341199882E1  -1.364479022327552E1  -8.018867929082582E1  -3.053685238734626E-1   1.047954143897655E1  
 1.216186000646402E7    -3.137346707217396E-1   9.471169130398023    -1.379923028720380E1  -7.994555993019371E1  -1.372734706939866E1  -8.032591437462176E1  -3.162183557953814E-1   1.039677062566709E1  
 1.230268770812416E7    -3.019294749158822E-1   9.325625008639646    -1.388715750050098E1  -8.007364644678707E1  -1.384023793754774E1  -8.034990542177799E1  -2.969343776590952E-1   1.025854875659409E1  
 1.244514611771420E7    -2.904641179784999E-1   8.996784022282217    -1.398945687319437E1  -8.025611687731021E1  -1.394617433147904E1  -8.055390303300118E1  -3.042750964461776E-1   1.012736502999491E1  
 1.258925411794203E7    -3.000097686753054E-1   8.884358028558445    -1.410015331777584E1  -8.045293317156452E1  -1.404602037369753E1  -8.069649493621868E1  -2.991640764208713E-1   9.982109985830846  
 1.273503081016698E7    -2.928070944748138E-1   8.789981642646632    -1.420213702967601E1  -8.052587353860929E1  -1.411394284768643E1  -8.085102125074646E1  -2.891348817972719E-1   9.718273717655970  
 1.288249551693171E7    -2.868929197946885E-1   8.542743984865613    -1.431702667395627E1  -8.083540402811980E1  -1.424866106742208E1  -8.119162860215887E1  -2.856045713225723E-1   9.534349358201396  
 1.303166778452337E7    -2.771952986282762E-1   8.449163074802527    -1.440307408282077E1  -8.089567328906816E1  -1.434535534193665E1  -8.124999440738738E1  -2.810122994638349E-1   9.493651329138389  
 1.318256738556445E7    -2.802558615096066E-1   8.163789248356803    -1.452051646906763E1  -8.101963027222359E1  -1.444422150703266E1  -8.140080103581987E1  -2.701362724522270E-1   9.295366597165465  
 1.333521432163362E7    -2.616023797227108E-1   8.130577522256202    -1.462227004807741E1  -8.115046327217131E1  -1.457778241106541E1  -8.165271963732964E1  -2.692166361983634E-1   9.224118006898411  
 1.348962882591692E7    -2.577366635607770E-1   7.971555331723089    -1.473347434048044E1  -8.138400701397639E1  -1.466105984833969E1  -8.173876410384362E1  -2.892802360860059E-1   8.980704524145027  
 1.364583136588964E7    -2.674894285920264E-1   7.800643099996993    -1.481221980999933E1  -8.144992314665322E1  -1.476115210777200E1  -8.189942118503441E1  -2.592182607978969E-1   8.883411107395613  
 1.380384264602925E7    -2.508352045899653E-1   7.692046206539614    -1.492570862063966E1  -8.171181076034198E1  -1.487283331814814E1  -8.213895826767993E1  -2.637955293587040E-1   8.726861648432218  
 1.396368361055978E7    -2.436499803631248E-1   7.554898596367699    -1.504116214546983E1  -8.167536263020234E1  -1.499815174287160E1  -8.214735134125608E1  -2.537175965532348E-1   8.626679846511070  
 1.412537544622795E7    -2.544197593030262E-1   7.383497820320718    -1.515052157318081E1  -8.190768063073642E1  -1.510530638442127E1  -8.243363082651798E1  -2.653003309324326E-1   8.444455310883015  
 1.428893958511145E7    -2.439157225069437E-1   7.132105961453573    -1.525743499833691E1  -8.214547384084862E1  -1.521031491122086E1  -8.259039708912958E1  -2.552329140512453E-1   8.230928930963842  
 1.445439770745970E7    -2.434060695004968E-1   6.987389304839741    -1.536516693139143E1  -8.218627445927048E1  -1.528859007898715E1  -8.285914397445052E1  -2.377778500827938E-1   8.109773105369648  
 1.462177174456761E7    -2.523171051151638E-1   6.780160669778982    -1.548410697197697E1  -8.233045620748003E1  -1.537245882942707E1  -8.296459975613729E1  -2.220824182688996E-1   7.966588655505630  
 1.479108388168251E7    -2.398269586371436E-1   6.679786774195013    -1.556446723439941E1  -8.265984458197698E1  -1.552700464429078E1  -8.282445174709379E1  -2.428781760977065E-1   7.965784024047772  
 1.496235656094477E7    -2.319787896098192E-1   6.459039948903493    -1.568505490488422E1  -8.278358674126906E1  -1.562489893313450E1  -8.314039834143057E1  -2.271625795110465E-1   7.632615442465577  
 1.513561248436253E7    -2.324326413345551E-1   6.366262855962215    -1.579347275791176E1  -8.278411427509718E1  -1.572747855898399E1  -8.331802191471117E1  -2.342205488190226E-1   7.517913816063789  
 1.531087461682075E7    -2.292218622966079E-1   6.238492560045538    -1.590417141659235E1  -8.297743941900566E1  -1.583755917859433E1  -8.341540254224177E1  -2.274041132546860E-1   7.431972548472316  
 1.548816618912527E7    -2.239737532119961E-1   6.022727500930465    -1.599445701444768E1  -8.312430956124960E1  -1.593356860929201E1  -8.365635875124772E1  -2.355867328706229E-1   7.324390347859729  
 1.566751070108196E7    -2.244696703178168E-1   5.891735936589161    -1.612038871886550E1  -8.328641824761562E1  -1.607286026338850E1  -8.386290929736356E1  -2.144855021131088E-1   7.129543177599906  
 1.584893192461161E7    -2.137724545783009E-1   5.864326512802441    -1.621553318557248E1  -8.338673696101232E1  -1.616895871757226E1  -8.413340718849103E1  -2.131027739044321E-1   6.931286056799991  
 1.603245390690089E7    -2.149805124025179E-1   5.660300109081599    -1.635186389908535E1  -8.346122224348619E1  -1.630415204912657E1  -8.418576336825366E1  -2.112090924390521E-1   6.910825454947362  
 1.621810097358979E7    -2.308144668250377E-1   5.391640705352979    -1.646594435642297E1  -8.369238278914773E1  -1.639725482668342E1  -8.417480325627190E1  -2.055419250995415E-1   6.805764301596823  
 1.640589773199588E7    -2.132633873799064E-1   5.233323860486587    -1.657114831393119E1  -8.396579447161129E1  -1.651804845224562E1  -8.445433146336025E1  -2.155738812179907E-1   6.624545449415845  
 1.659586907437610E7    -2.039884418206359E-1   5.175428424727834    -1.667660036237589E1  -8.383846948495638E1  -1.662540103954288E1  -8.460800892831644E1  -2.057655641408988E-1   6.538992587562406  
 1.678804018122611E7    -2.087721933416133E-1   4.944216504050097    -1.678906407734364E1  -8.402504252718006E1  -1.671270013731867E1  -8.472488384017957E1  -2.022109050031075E-1   6.383020412770291  
 1.698243652461796E7    -2.155731439535193E-1   4.892658110456910    -1.690055245128257E1  -8.426345837528318E1  -1.684806458895785E1  -8.481159626767936E1  -2.116133027658327E-1   6.361841864628009  
 1.717908387157640E7    -2.055123250621095E-1   4.653687445958194    -1.701871478848510E1  -8.440306616691623E1  -1.695800427536240E1  -8.500556277121784E1  -2.043750810727186E-1   6.194758758477636  
 1.737800828749428E7    -1.891266322996669E-1   4.584554144662845    -1.711820373709448E1  -8.461274192340731E1  -1.709155963511899E1  -8.513035728685780E1  -1.892686782517112E-1   6.074745868371772  
 1.757923613958746E7    -2.026813541028906E-1   4.408662179550154    -1.723649015321549E1  -8.463000657802053E1  -1.717255461483688E1  -8.520128757822823E1  -1.867221561377128E-1   5.892535442700218  
 1.778279410038977E7    -1.815033872150779E-1   4.225639836241074    -1.734506715191011E1  -8.483500908514527E1  -1.731914341210959E1  -8.545822620485956E1  -1.904467026125954E-1   5.718519224862540  
 1.798870915128842E7    -1.905051609460320E-1   4.187056184404824    -1.748381843178654E1  -8.496516414406696E1  -1.742968029743394E1  -8.563407375351179E1  -1.889718959509899E-1   5.789994562007536  
 1.819700858610039E7    -1.849495485506357E-1   4.011589482825511    -1.759173505760337E1  -8.515335958138488E1  -1.752020197590463E1  -8.560151677449507E1  -1.797092350840575E-1   5.602709747238269  
 1.840772001469012E7    -1.936797743094986E-1   3.881451603040470    -1.770904394708843E1  -8.522864636668514E1  -1.765857897393716E1  -8.583097183503097E1  -1.863503442612768E-1   5.420744278839446  
 1.862087136662924E7    -1.790919617079634E-1   3.701870135017958    -1.781771918882987E1  -8.532352605730638E1  -1.777856371890267E1  -8.611019203192295E1  -1.835884932913317E-1   5.209768326888362  
 1.883649089489858E7    -1.780805579138838E-1   3.542456840383045    -1.793808891167944E1  -8.536667974004193E1  -1.790564927110355E1  -8.615595546815555E1  -1.535966809038670E-1   5.051187859398328  
 1.905460717963306E7    -1.795308399883882E-1   3.394471064300614    -1.806213191485398E1  -8.568083980084479E1  -1.801332373702380E1  -8.624993916596307E1  -1.633610299031541E-1   4.985371564006095  
 1.927524913190995E7    -1.905598127262096E-1   3.268297430441411    -1.817983173924696E1  -8.565022436689675E1  -1.813239185003713E1  -8.656627803260119E1  -1.665791794657416E-1   4.904193095600520  
 1.949844599758105E7    -1.764090928641538E-1   3.112939832589100    -1.828643416654720E1  -8.591173210767408E1  -1.824193679049562E1  -8.654702369784587E1  -1.611463337447230E-1   4.768262681354888  
 1.972422736114915E7    -1.795905600312150E-1   3.062738971490870    -1.841512123518114E1  -8.608461214907021E1  -1.837592695048892E1  -8.673474546235391E1  -1.720255459609497E-1   4.741148535392631  
 1.995262314968941E7    -1.733996212203333E-1   2.821773091501191    -1.853828082041668E1  -8.619136775345930E1  -1.850370045092853E1  -8.687000784651956E1  -1.618235757040007E-1   4.617912072305352  
 2.018366363681624E7    -1.721015939308941E-1   2.778479697737080    -1.867190548990022E1  -8.626212112117024E1  -1.860453937224306E1  -8.706537115302488E1  -1.632517372661110E-1   4.392884842371283  
 2.041737944669593E7    -1.737890532155882E-1   2.574537537281643    -1.877743863982511E1  -8.639745616720379E1  -1.874945670750702E1  -8.731212962274235E1  -1.704897596935718E-1   4.276615662249373  
 2.065380155810594E7    -1.649882711793227E-1   2.439260956639815    -1.890806679774751E1  -8.656297306295217E1  -1.887987153359707E1  -8.714428966623474E1  -1.693803201350293E-1   4.298348256931455  
 2.089296130854105E7    -1.777816529696698E-1   2.235658123144221    -1.903761204580519E1  -8.664509266707206E1  -1.899142716607292E1  -8.744022918628873E1  -1.620133022251323E-1   4.220187135588991  
 2.113489039836713E7    -1.555367793934948E-1   2.157779397483505    -1.913994486870071E1  -8.675286858310790E1  -1.911495899535076E1  -8.762223803978554E1  -1.443966701297812E-1   3.953724005870230  
 2.137962089502299E7    -1.617301615115017E-1   2.087133871451196    -1.928553047635151E1  -8.693892217243364E1  -1.923262146266942E1  -8.771737054876199E1  -1.559894729933545E-1   3.917105215634329  
 2.162718523727088E7    -1.491330728401153E-1   1.931206202939583    -1.939377089757874E1  -8.716411528008631E1  -1.936756865851377E1  -8.798023762472958E1  -1.524347781074351E-1   3.649223434537415  
 2.187761623949622E7    -1.471597272944001E-1   1.742321908205976    -1.952231449643372E1  -8.710167086027953E1  -1.950535003106124E1  -8.791300222619596E1  -1.399651228563432E-1   3.694565843032271  
 2.213094709605708E7    -1.544387143574137E-1   1.609260953119474    -1.964574614942816E1  -8.731984199766660E1  -1.963732064436040E1  -8.807751922149664E1  -1.577187331122840E-1   3.532322390279023  
 2.238721138568410E7    -1.547717078984424E-1   1.539205326379761    -1.977600929573670E1  -8.743047571930588E1  -1.974853392639722E1  -8.833839499626937E1  -1.571959687087756E-1   3.401540146098385  
 2.264644307593131E7    -1.445251423626900E-1   1.369218654411342    -1.989126883464024E1  -8.753788764391572E1  -1.989999756938990E1  -8.836459325828051E1  -1.451700626845497E-1   3.261139934520141  
 2.290867652767846E7    -1.608048958466206E-1   1.123475506614944    -2.001951184017770E1  -8.779549976335339E1  -2.001127158436818E1  -8.859172005501701E1  -1.544589413419286E-1   3.054751728389056  
 2.317394649968553E7    -1.561485398716514E-1   9.81437031763119E-1  -2.015748012243242E1  -8.789349173829336E1  -2.012094377451894E1  -8.881707242397526E1  -1.494277117182446E-1   2.926286463596533  
 2.344228815319997E7    -1.414554910350446E-1   9.26862638936558E-1  -2.028059007114547E1  -8.806938997040629E1  -2.027790541662743E1  -8.883441974477417E1  -1.519184720552791E-1   2.906194933891360  
 2.371373705661731E7    -1.478958283777543E-1   8.10528477237042E-1  -2.041423698307188E1  -8.808454543890987E1  -2.039520746470099E1  -8.896663914610436E1  -1.325470880549203E-1   2.814096137367032  
 2.398832919019568E7    -1.279455184286079E-1   6.90150586563082E-1  -2.054142425242570E1  -8.821420604977421E1  -2.055925043729932E1  -8.909000789064724E1  -1.446592079989049E-1   2.616781334788055  
 2.426610095082494E7    -1.307240507397378E-1   4.88536248325632E-1  -2.068802268908051E1  -8.847260823754530E1  -2.068951506658346E1  -8.915464615721528E1  -1.329558087799381E-1   2.750041354565351  
 2.454708915685110E7    -1.274168394277376E-1   3.50627168972673E-1  -2.080462943908696E1  -8.852408025947280E1  -2.082522178720416E1  -8.931888019148566E1  -1.295581536759475E-1   2.572573906948207  
 2.483133105295651E7    -1.391279319183510E-1   1.81083335353056E-1  -2.095416305147867E1  -8.871104034109733E1  -2.096256449738848E1  -8.944193591902237E1  -1.433412941480471E-1   2.309739685050191  
 2.511886431509662E7    -1.358610811752089E-1   2.27709442831996E-1  -2.110423852927789E1  -8.865845939436534E1  -2.110244237641844E1  -8.956536596091024E1  -1.336143025274380E-1   2.276191615647079  
 2.540972705549388E7    -1.293782655492109E-1  -7.34344942807667E-2  -2.122218837631132E1  -8.896881199430324E1  -2.124352119225643E1  -8.971482968185940E1  -1.237802199467927E-1   2.054778438036034  
 2.570395782768948E7    -1.294353187899163E-1  -1.50476610603620E-1  -2.135201643184278E1  -8.898468162581385E1  -2.138350394069226E1  -8.984703097032227E1  -1.296122658210754E-1   2.085522824535569  
 2.600159563165357E7    -1.160914784207462E-1  -3.18364856144563E-1  -2.150190675528592E1  -8.911902582931865E1  -2.152738445598621E1  -9.008510528096801E1  -1.274397453034667E-1   1.938542217714989  
 2.630267991895468E7    -1.372299111842021E-1  -4.39442210360458E-1  -2.163715016819529E1  -8.928266489912748E1  -2.164478771704971E1  -9.011672495309132E1  -1.249309283677798E-1   1.832646017684441  
 2.660725059798897E7    -1.352935547841018E-1  -6.37572417924191E-1  -2.180231776842537E1  -8.952503741961030E1  -2.181035904973534E1  -9.047732057428368E1  -1.432850984103232E-1   1.689277617355379  
 2.691534803927004E7    -1.196758759335387E-1  -7.36863424647447E-1  -2.191729522846196E1  -8.942607694759454E1  -2.195214323978303E1  -9.042208044226999E1  -1.283471984188825E-1   1.656783552539918  
 2.722701308078002E7    -1.279721173349519E-1  -8.20155767550185E-1  -2.207084410345172E1  -8.959991819466518E1  -2.210562496375039E1  -9.054546571648116E1  -1.188602302809600E-1   1.574015569588331  
 2.754228703338258E7    -1.240370173480755E-1  -1.091494709146842    -2.221835953012392E1  -9.004109788365317E1  -2.224710623377166E1  -9.085252477132522E1  -1.231127633737704E-1   1.368510147210686  
 2.786121168629863E7    -1.182396445864711E-1  -1.168695143861270    -2.238007880853541E1  -9.005644703843822E1  -2.239911106119082E1  -9.084177610826704E1  -1.227863727927464E-1   1.275333144434037  
 2.818382931264548E7    -1.201111298296100E-1  -1.227991797279713    -2.252181811259330E1  -9.010019480052770E1  -2.255502153940948E1  -9.106759859093651E1  -1.334457240456365E-1   1.134216016030169  
 2.851018267504004E7    -1.124378222686928E-1  -1.395856656182515    -2.266745047881192E1  -9.020830770213932E1  -2.270995182340974E1  -9.112670130877778E1  -1.212125289765821E-1   1.201929000161218  
 2.884031503126703E7    -1.146034595548087E-1  -1.573554062436269    -2.281360869977092E1  -9.031407351444837E1  -2.284742468910233E1  -9.134544134467379E1  -1.074330542774168E-1   7.866743524875225E-1  
 2.917427014001265E7    -1.213979258663121E-1  -1.718026092299884    -2.296678432804884E1  -9.053586697053822E1  -2.300871874615611E1  -9.156270772666348E1  -1.382671305450043E-1   7.804388025579104E-1  
 2.951209226666485E7    -1.186000131361910E-1  -1.844630746105649    -2.315344972084296E1  -9.068593408078698E1  -2.316831626362379E1  -9.156228316337335E1  -1.263739998893873E-1   8.224917453201863E-1  
 2.985382618918061E7    -1.212805554436814E-1  -1.943954755230964    -2.329831017101470E1  -9.075388745394048E1  -2.333390836104121E1  -9.193780948087380E1  -1.273120750408963E-1   6.167966262331367E-1  
 3.019951720402119E7    -1.198412381099796E-1  -2.229981393505180    -2.345558591515886E1  -9.095000956633859E1  -2.348759115966682E1  -9.209920796776089E1  -1.267124712528817E-1   4.679022070155571E-1  
 3.054921113215617E7    -1.130248875013316E-1  -2.295179608938061    -2.359287063205832E1  -9.116034630309123E1  -2.364344460402640E1  -9.212542714944181E1  -1.217075679539588E-1   3.625979460393662E-1  
 3.090295432513696E7    -1.127662376408737E-1  -2.362001707718821    -2.377352455210494E1  -9.119577293737206E1  -2.382782983042569E1  -9.242100291455608E1  -1.033663900490598E-1   3.264692497146688E-1  
 3.126079367124062E7    -1.036496033091520E-1  -2.588582418915253    -2.389575634347327E1  -9.129553177801515E1  -2.399311516598784E1  -9.222788900636853E1  -1.199429983648951E-1   2.344726812282936E-1  
 3.162277660168488E7    -1.073587746287602E-1  -2.641274033618493    -2.409113825413591E1  -9.122673977852601E1  -2.418245098928378E1  -9.246156683780150E1  -1.089677987742712E-1   1.323111300614359E-1  
 3.198895109691508E7    -1.078196018590879E-1  -2.812844179149968    -2.426598639092503E1  -9.157077759083401E1  -2.432932462207121E1  -9.272733242180314E1  -1.224497896029666E-1  -1.222612655472235E-1  
 3.235936569296394E7    -1.052659070185559E-1  -2.926668580537420    -2.442535553029571E1  -9.173216692493611E1  -2.449510487748389E1  -9.291533208510221E1  -1.187365699964528E-1  -8.458667935207322E-2  
 3.273406948788495E7    -1.106467072779026E-1  -3.121174120095674    -2.461596128577038E1  -9.193585240763947E1  -2.468863729240637E1  -9.300917753122047E1  -1.080382820683167E-1  -3.409031749785977E-1  
 3.311311214826025E7    -1.031383553753093E-1  -3.261962654511461    -2.478889207620678E1  -9.200171311233267E1  -2.486567101141151E1  -9.312894126057071E1  -1.316280097262380E-1  -4.509797636762327E-1  
 3.349654391578392E7    -9.594942826640827E-2  -3.272522391850314    -2.495733406044255E1  -9.205916864067949E1  -2.505004192267900E1  -9.335512548424835E1  -1.055704992780303E-1  -5.002278566730968E-1  
 3.388441561392143E7    -1.080286823459066E-1  -3.512693151633070    -2.516411923057548E1  -9.208305591401248E1  -2.521499999075286E1  -9.331009988669591E1  -1.071242279064167E-1  -4.960647854913077E-1  
 3.427677865464623E7    -1.035045997142441E-1  -3.547242154043175    -2.533360157297069E1  -9.215117045643656E1  -2.542497805459382E1  -9.346635313048579E1  -1.123904372167785E-1  -6.754712405896484E-1  
 3.467368504525437E7    -1.041321897084388E-1  -3.804838442853974    -2.553883737468355E1  -9.247431139726447E1  -2.562232198276429E1  -9.347010850969230E1  -1.134830569595067E-1  -6.891160144815626E-1  
 3.507518739525802E7    -9.149756308919874E-2  -3.856545131810385    -2.571700378002146E1  -9.263233860207863E1  -2.579720583804476E1  -9.384731626440158E1  -1.167734372100827E-1  -8.941939034919314E-1  
 3.548133892335878E7    -1.089072436539746E-1  -4.070736694570693    -2.592333343747342E1  -9.268407214920752E1  -2.598762898684774E1  -9.398628776134699E1  -1.156176534072068E-1  -9.384535560337953E-1  
 3.589219346450178E7    -9.982247522090959E-2  -4.187624180522650    -2.610877779320205E1  -9.291490673510911E1  -2.617911440843132E1  -9.432228453550809E1  -1.054124915820675E-1  -1.181043551442607  
 3.630780547701141E7    -8.943971101370621E-2  -4.386721845165739    -2.629614424585730E1  -9.310216393654314E1  -2.641908412401000E1  -9.430834617101540E1  -1.150960351980106E-1  -1.164577397880728  
 3.672823004980975E7    -9.032415672835363E-2  -4.424420673489633    -2.649112513782920E1  -9.297815793047037E1  -2.662271790408998E1  -9.446801001531262E1  -1.227673677917140E-1  -1.351227246802206  
 3.715352290971856E7    -9.734051442474619E-2  -4.663446606304809    -2.671382652415699E1  -9.343131585899053E1  -2.683513528463474E1  -9.450453126843659E1  -1.197583585896509E-1  -1.398683969604563  
 3.758374042884574E7    -1.041725725706634E-1  -4.730135932287204    -2.690204126295033E1  -9.334487092200808E1  -2.705477615256237E1  -9.486441670585737E1  -1.383408216270125E-1  -1.613721109786584  
 3.801893963205746E7    -9.595417354754887E-2  -4.913029338849646    -2.714337596496583E1  -9.338567236012733E1  -2.725726069157924E1  -9.496733431626451E1  -9.763450006532674E-2  -1.636096856433732  
 3.845917820453671E7    -8.582882087295143E-2  -5.065861713216989    -2.734965569942703E1  -9.349173562431405E1  -2.747989147587308E1  -9.517750260140083E1  -1.058855833172995E-1  -1.828630472396215  
 3.890451449942944E7    -7.997192431260590E-2  -5.216432226339422    -2.757857170673675E1  -9.374332727414003E1  -2.770231141068380E1  -9.519209718736809E1  -1.059222447186283E-1  -1.880869173598311  
 3.935500754557914E7    -8.559185733316292E-2  -5.447519400139278    -2.780749855355388E1  -9.414415181482009E1  -2.792884904052393E1  -9.508459685526374E1  -1.156622261618083E-1  -2.028325494702899  
 3.981071705535114E7    -9.256341204577727E-2  -5.551808119645289    -2.803919483219075E1  -9.429631133595116E1  -2.815374415497299E1  -9.555532932676172E1  -1.046717445680390E-1  -2.053459893889235  
 4.027170343254734E7    -7.178711772989274E-2  -5.683373438500617    -2.827170237934105E1  -9.413709210581622E1  -2.842163846115938E1  -9.562470922590127E1  -1.097258870260520E-1  -2.107910685822114  
 4.073802778041272E7    -8.082412601146373E-2  -5.774786937890839    -2.855425271503808E1  -9.419901802278801E1  -2.866406287438004E1  -9.593216331122575E1  -1.262108914876396E-1  -2.318174474799854  
 4.120975190973449E7    -8.135632150822043E-2  -5.994010214728679    -2.876964042326597E1  -9.442220970862249E1  -2.889435389531686E1  -9.585555220546567E1  -1.001413120540749E-1  -2.486803837666082  
 4.168693834703503E7    -8.001959607038330E-2  -6.123555860464531    -2.906405980407298E1  -9.460849308559179E1  -2.918678985026680E1  -9.616864067340168E1  -1.046695548726778E-1  -2.555491594217694  
 4.216965034285973E7    -6.706087491872551E-2  -6.322300482850909    -2.932321113159929E1  -9.476052750284535E1  -2.943615437709763E1  -9.616217731295625E1  -9.562699472459930E-2  -2.875291766934493  
 4.265795188016079E7    -8.808814098582450E-2  -6.444733419186951    -2.960916926630861E1  -9.484503669678520E1  -2.971376285239329E1  -9.646733858018833E1  -9.419803930151957E-2  -2.835488754720471  
 4.315190768277807E7    -8.850453651110175E-2  -6.537656858154612    -2.988008862736419E1  -9.495471956277702E1  -3.004452996327603E1  -9.637483456741988E1  -1.075047354951031E-1  -2.855220159350568  
 4.365158322401816E7    -8.381577604924542E-2  -6.753934837952961    -3.014827814072195E1  -9.504307804485612E1  -3.028269962738086E1  -9.674183044104404E1  -9.511646267280141E-2  -2.924370789500475  
 4.415704473533284E7    -7.644907509287977E-2  -6.970845743903996    -3.048517109779760E1  -9.548400760841673E1  -3.061494097278785E1  -9.686566994060330E1  -9.089308907628964E-2  -3.122696877723230  
 4.466835921509792E7    -8.757371182873716E-2  -7.071217928823039    -3.076404923340556E1  -9.555510600227774E1  -3.091159540079754E1  -9.698421746801569E1  -1.008175922705469E-1  -3.198079066832169  
 4.518559443749387E7    -8.074153353353156E-2  -7.239746169802828    -3.110128298772354E1  -9.536090465307289E1  -3.122960934543975E1  -9.723663540572865E1  -9.442215467852787E-2  -3.355894974142817  
 4.570881896148916E7    -6.952455073491759E-2  -7.431454507537319    -3.147751668383339E1  -9.558385624072996E1  -3.156967622702614E1  -9.712114976675218E1  -1.068923294172448E-1  -3.330615788178014  
 4.623810213992771E7    -7.541623020372174E-2  -7.571785731895567    -3.182129352208321E1  -9.595453456965939E1  -3.197146442142296E1  -9.735215455503051E1  -7.556550442254181E-2  -3.617208325752421  
 4.677351412872152E7    -7.952863729009434E-2  -7.850399436935009    -3.214175862568506E1  -9.625334066066870E1  -3.233688912852901E1  -9.753591595611711E1  -1.115617625865828E-1  -3.760992088365550  
 4.731512589614977E7    -6.395923404938225E-2  -7.953206311749497    -3.255801831262549E1  -9.619042525974017E1  -3.266682807918158E1  -9.759277524690043E1  -9.770403996131967E-2  -3.795135303213249  
 4.786300923226558E7    -7.791471922031325E-2  -8.066312560609237    -3.295521560519588E1  -9.627102028229562E1  -3.313499983142547E1  -9.761996881518289E1  -1.089263945569632E-1  -3.995189010053657  
 4.841723675841170E7    -6.757731997817297E-2  -8.263474344916542    -3.336158512336699E1  -9.654715449073605E1  -3.350472996123008E1  -9.812687080460614E1  -1.075533600339624E-1  -3.934122252628323  
 4.897788193684641E7    -7.049014431690696E-2  -8.398213237662837    -3.378076227274003E1  -9.637709959790321E1  -3.393739159283255E1  -9.818432708963726E1  -1.102784008215435E-1  -4.175335362161786  
 4.954501908048083E7    -5.889217854575969E-2  -8.620662995255088    -3.424827304717624E1  -9.684044498918421E1  -3.443753828627401E1  -9.840913809813843E1  -8.816707997009986E-2  -4.410473501209937  
 5.011872336272906E7    -7.778123273545280E-2  -8.637560647048531    -3.475624909541391E1  -9.710894183926936E1  -3.492552465213640E1  -9.856839755878140E1  -1.006268107946182E-1  -4.475987246345057  
 5.069907082747229E7    -6.989560963481149E-2  -8.975784283462540    -3.524532397712043E1  -9.747590631315268E1  -3.546341946512761E1  -9.871193154773981E1  -1.119662523144999E-1  -4.502008215320795  
 5.128613839913837E7    -5.152977483220234E-2  -9.205956789268765    -3.578958917362798E1  -9.728861833557633E1  -3.594050063056228E1  -9.876802775777243E1  -9.069282521308837E-2  -4.766308480563827  
 5.188000389289802E7    -8.330116045750194E-2  -9.247905915153739    -3.640724815281092E1  -9.727693261643503E1  -3.657709370995376E1  -9.909109095941550E1  -9.572900716153282E-2  -4.652821665342916  
 5.248074602497920E7    -7.386892672640776E-2  -9.327593884691453    -3.704428330582940E1  -9.748393052276533E1  -3.720191418794611E1  -9.894898633952650E1  -1.191801397603832E-1  -5.076387375428840  
 5.308844442310080E7    -6.919540017937939E-2  -9.670369293007534    -3.769489411482743E1  -9.724681656849049E1  -3.789041939208812E1  -9.916550155588446E1  -1.024959100589549E-1  -5.028003280908171  
 5.370317963702726E7    -6.332556079969878E-2  -9.792780857185495    -3.847800605587921E1  -9.758694084992391E1  -3.869561271987003E1  -9.938262613215508E1  -1.103676074420991E-1  -5.350507885577840  
 5.432503314924534E7    -7.478408352617758E-2  -1.003387332336053E1  -3.930772071643330E1  -9.812101256770001E1  -3.946827102392651E1  -9.894643538435255E1  -1.158253322789707E-1  -5.231831357808522  
 5.495408738576450E7    -6.400054671487235E-2  -1.026346984471017E1  -4.016432644266432E1  -9.822863412672703E1  -4.035469797239770E1  -9.970961322997268E1  -1.068319336750679E-1  -5.405584131669925  
 5.559042572704242E7    -6.445301641920857E-2  -1.037220070659001E1  -4.115111096388430E1  -9.854058940584319E1  -4.133706329034096E1  -9.954435676268153E1  -9.864255556440435E-2  -5.594624476833988  
 5.623413251903700E7    -6.528917717498693E-2  -1.062589763723415E1  -4.228600411560837E1  -9.892995267177594E1  -4.247926751272632E1  -9.935703071782336E1  -1.102507314728424E-1  -5.688975156264201  
 5.688529308438627E7    -6.412247008991666E-2  -1.070279960182992E1  -4.370970978873177E1  -9.817321234275754E1  -4.377361536308543E1  -9.948800899883065E1  -1.066794077589217E-1  -5.928876291310140  
 5.754399373371784E7    -7.544829050870333E-2  -1.094356944132488E1  -4.506088496804550E1  -9.846463827148550E1  -4.533980027220357E1  -9.982476426235135E1  -1.017283511507767E-1  -5.890336427030071  
 5.821032177708932E7    -6.916151924128187E-2  -1.110240956279587E1  -4.712415018284034E1  -9.848152199877296E1  -4.734434018595538E1  -1.000024978847773E2  -1.169332221379427E-1  -6.047760484892338  
 5.888436553556111E7    -6.000534722489861E-2  -1.134508765464318E1  -4.921806383389941E1  -9.749302752641849E1  -4.965683447708319E1  -1.015890768393493E2  -8.449580575063262E-2  -6.319297969747174  
 5.956621435290328E7    -5.926064223046685E-2  -1.157328136444485E1  -5.286738655266417E1  -9.862666822811492E1  -5.312316034280638E1  -9.860861891488707E1  -1.110993927299954E-1  -6.327021751145423  
 6.025595860743804E7    -5.632510230513704E-2  -1.176184430444085E1  -5.850397004187074E1  -9.490799926386789E1  -5.882629679807805E1  -1.000877676300261E2  -1.190130159829037E-1  -6.545126089751931  
 6.095368972401922E7    -6.329966258793773E-2  -1.196481830863336E1  -8.022603315684846E1  -7.451994707294566E1  -8.050753338044910E1  -6.722097328688257E1  -1.092766178889750E-1  -6.791068962258558  
 6.165950018615054E7    -5.708118951691537E-2  -1.202496435170122E1  -5.976740356718774E1   7.020736285039743E1  -6.018964458702865E1   7.736382771530897E1  -9.390326220730502E-2  -6.683699166821630  
 6.237348354824428E7    -5.539666822364636E-2  -1.237673976878956E1  -5.345840040518831E1   7.484031637707598E1  -5.395538778211554E1   7.601567126329688E1  -1.138060376630215E-1  -6.976137617685494  
 6.309573444802172E7    -6.326372631766278E-2  -1.263275134804827E1  -4.984494439569919E1   7.681455120570078E1  -5.006461078745104E1   7.759618728673043E1  -1.057502898917321E-1  -7.176023297512416  
 6.382634861905729E7    -8.042396221442932E-2  -1.264585726852188E1  -4.729808178004058E1   7.737484810952411E1  -4.751174716059367E1   7.675483201517291E1  -1.063231026276932E-1  -7.265211390835496  
 6.456542290346801E7    -6.304897616924866E-2  -1.291892955477990E1  -4.524624878350352E1   7.807346473789684E1  -4.526530906480048E1   7.647728263823881E1  -1.047909278512733E-1  -7.348058179311172  
 6.531305526474972E7    -8.724742718081190E-2  -1.317996510500665E1  -4.365229600226205E1   7.786541449052132E1  -4.381714096580664E1   7.649646756476226E1  -1.077966055682543E-1  -7.573110666062183  
 6.606934480076212E7    -5.690677746650980E-2  -1.340689219705890E1  -4.216509250685753E1   7.785509773835325E1  -4.245345024833907E1   7.671308125961221E1  -1.053853143891826E-1  -7.712260421084198  
 6.683439175686401E7    -6.455850320417164E-2  -1.362531181396005E1  -4.103379871100425E1   7.715515033088272E1  -4.128574052859667E1   7.673816838149337E1  -1.039734419198265E-1  -7.881630150136358  
 6.760829753920077E7    -5.390900819724868E-2  -1.380957119136522E1  -3.989519622382989E1   7.683057196354088E1  -4.016681990907348E1   7.669883347635438E1  -1.188695394688231E-1  -8.053684531008548  
 6.839116472814556E7    -5.514324092343430E-2  -1.407240237412382E1  -3.895266711519919E1   7.701359584814468E1  -3.919147661074492E1   7.612012522108857E1  -1.071238639868245E-1  -8.237147577887763  
 6.918309709189631E7    -5.735395960623257E-2  -1.431419532672037E1  -3.817370408585146E1   7.615489132653613E1  -3.838894906590867E1   7.575584980257877E1  -1.079792434992011E-1  -8.373046950002305  
 6.998419960023005E7    -5.214566204718240E-2  -1.460327483488561E1  -3.735004863427355E1   7.614029181211542E1  -3.763336105813826E1   7.562688494483079E1  -1.086213494704735E-1  -8.418759869913869  
 7.079457843841653E7    -4.444167957064416E-2  -1.471097455181461E1  -3.665864746801643E1   7.562642159138119E1  -3.686560182013351E1   7.548580818567051E1  -1.101309846532048E-1  -8.471268266073562  
 7.161434102129297E7    -7.125479122055255E-2  -1.506113684353359E1  -3.598744866535193E1   7.522270639050163E1  -3.611850900398805E1   7.534640127955179E1  -9.988065174006455E-2  -8.728780490481091  
 7.244359600750181E7    -5.790960348450262E-2  -1.519577839561123E1  -3.536028791056057E1   7.535797673718646E1  -3.554178250455380E1   7.498866705430122E1  -9.938336870221343E-2  -8.939554681155572  
 7.328245331389324E7    -4.312679990242043E-2  -1.543439633773905E1  -3.478742636222498E1   7.495873762891712E1  -3.489784741937423E1   7.497630931399152E1  -1.020866001092325E-1  -9.087407714412322  
 7.413102413009462E7    -5.880501230123973E-2  -1.565086155771850E1  -3.421012728048122E1   7.485002060964317E1  -3.438878167403071E1   7.466582477345793E1  -9.916478506528451E-2  -9.203670763320471  
 7.498942093324849E7    -5.985219511002358E-2  -1.593120503675022E1  -3.369759966462908E1   7.430450862227180E1  -3.379670076711467E1   7.424876151220622E1  -1.087913155553836E-1  -9.437680020827047  
 7.585775750292133E7    -2.954572208042576E-2  -1.617091029081837E1  -3.320499151879262E1   7.417744630197097E1  -3.331958746562626E1   7.383201950213966E1  -1.073839176905468E-1  -9.584062566618739  
 7.673614893618488E7    -4.247529075415486E-2  -1.637613294776744E1  -3.274814516552132E1   7.402862839950232E1  -3.279344160666861E1   7.388163836735583E1  -1.017744672161751E-1  -9.710923822374427  
 7.762471166287220E7    -2.033421903398797E-2  -1.662685760023095E1  -3.228669277881700E1   7.361539470258938E1  -3.236913277233163E1   7.355435922387918E1  -1.068646497099935E-1  -9.816988486568450  
 7.852356346101025E7    -3.901931874693641E-2  -1.685184655273271E1  -3.185633081180669E1   7.337354599680990E1  -3.191505128387415E1   7.332940608390153E1  -1.029585897326637E-1  -1.004010786532557E1  
 7.943282347243126E7    -4.609958511792002E-2  -1.723460388386128E1  -3.144229898728184E1   7.332507562320562E1  -3.149099286385270E1   7.311262623629042E1  -1.017602702976967E-1  -1.025446371043238E1  
 8.035261221856487E7    -5.015601920332424E-2  -1.753049120425150E1  -3.101849368246812E1   7.283560098608427E1  -3.106291902158442E1   7.287222515059382E1  -1.028911600743334E-1  -1.033179931329864E1  
 8.128305161641310E7    -5.113845497578106E-2  -1.771126659316574E1  -3.065281313558026E1   7.270832117471373E1  -3.066084613488395E1   7.251368428222904E1  -1.053149416655539E-1  -1.047786048324974E1  
 8.222426499471033E7    -5.931328009527508E-2  -1.807527462976239E1  -3.028040260978645E1   7.235535250546373E1  -3.026831979402544E1   7.219412752003656E1  -1.034649020616836E-1  -1.078405900370289E1  
 8.317637711027035E7    -6.374561585069374E-2  -1.804747483073159E1  -2.990821988162161E1   7.255929660721996E1  -2.995516309043558E1   7.203428593892247E1  -1.171328438886869E-1  -1.081236763413688E1  
 8.413951416452280E7    -4.419630976505320E-2  -1.848090342802781E1  -2.955882676367438E1   7.209690461650914E1  -2.954857525988680E1   7.169511769860471E1  -1.134092390382910E-1  -1.110001307789248E1  
 8.511380382024097E7    -4.961588976850186E-2  -1.872154045083824E1  -2.922939488837845E1   7.162051295972434E1  -2.916067707082128E1   7.141634403660343E1  -1.242261052572456E-1  -1.128710983225799E1  
 8.609937521846344E7    -4.025613182427211E-2  -1.914439661386998E1  -2.884485699992221E1   7.157886706152114E1  -2.881452680745699E1   7.103967715641687E1  -1.076276861228572E-1  -1.154674489027443E1  
 8.709635899561147E7    -4.676332221731602E-2  -1.929100255907034E1  -2.851796680504763E1   7.133397787592219E1  -2.849411625552668E1   7.061599878474468E1  -1.014184397227498E-1  -1.162845525631732E1  
 8.810488730080487E7    -3.970471115440572E-2  -1.955704521472627E1  -2.820145277224156E1   7.094963539282404E1  -2.817431657482016E1   7.043811860529443E1  -1.120376131440021E-1  -1.189976780533974E1  
 8.912509381337807E7    -3.961738221230139E-2  -2.007057526156684E1  -2.788342815793913E1   7.080335473713521E1  -2.784458476228394E1   7.007319161236937E1  -1.173830706656726E-1  -1.205833153579460E1  
 9.015711376059924E7    -3.433028107589939E-2  -2.009756662210736E1  -2.755763411000608E1   7.061544735251813E1  -2.753116413642645E1   6.975760469204805E1  -1.298426307323745E-1  -1.221153315869675E1  
 9.120108393559457E7    -3.368174813580129E-2  -2.040838645407270E1  -2.724730158105749E1   7.043029992990770E1  -2.722109730153423E1   6.953832521427205E1  -1.306874206061474E-1  -1.252990562285202E1  
 9.225714271547997E7    -1.501980424067887E-2  -2.085419986680867E1  -2.693753583343203E1   6.999801868209501E1  -2.689731732865560E1   6.904070256649600E1  -1.265856022448670E-1  -1.273532458150507E1  
 9.332543007970281E7    -6.808449123423382E-2  -2.122785700393146E1  -2.667523930258149E1   6.963998179813598E1  -2.660364533470851E1   6.884658417541499E1  -1.403525453768714E-1  -1.271191059153331E1  
 9.440608762859610E7    -3.148553675925803E-2  -2.136661008911452E1  -2.636575588519325E1   6.953372142590577E1  -2.631453659066244E1   6.853829979295085E1  -1.296806092917031E-1  -1.307386101145349E1  
 9.549925860214740E7    -2.644890011908340E-2  -2.180619360450629E1  -2.604210264264417E1   6.908535865000870E1  -2.599024283308824E1   6.815151354694176E1  -1.331434785818632E-1  -1.319206259509148E1  
 9.660508789898519E7    -3.094969250658520E-2  -2.205102839191897E1  -2.573452696921355E1   6.890611562222659E1  -2.571621783342453E1   6.758827052176186E1  -1.428150431269392E-1  -1.365318774002305E1  
 9.772372209558497E7    -5.533636390503514E-2  -2.250189157959650E1  -2.546883060666921E1   6.849945017111875E1  -2.545015404142526E1   6.732856057245064E1  -1.390251126974206E-1  -1.373631292432327E1  
 9.885530946569784E7    -3.239941333815773E-2  -2.276513614374796E1  -2.518879343726108E1   6.834921452352758E1  -2.515024714217730E1   6.700367326611736E1  -1.503688829281356E-1  -1.395462749574715E1  
 1.000000000000040E8    -3.717157097679295E-2  -2.283157659894033E1  -2.489685336062290E1   6.803481130128351E1  -2.488846606418352E1   6.653816354247951E1  -1.680960636266246E-1  -1.419573059237527E1  
 1.011579454259939E8    -4.244178248927372E-2  -2.345446673028689E1  -2.459817869075737E1   6.773336036078035E1  -2.457687943649390E1   6.612250415497825E1  -1.354944873231903E-1  -1.437375251122698E1  
 1.023292992280795E8    -4.994075326150191E-2  -2.388865793476220E1  -2.430868625551264E1   6.737501007223874E1  -2.429289806072260E1   6.576736470673372E1  -1.290598357105578E-1  -1.463450900385264E1  
 1.035142166679386E8    -3.427277978620105E-2  -2.420259482610553E1  -2.403138581603217E1   6.684364514195558E1  -2.403071258717719E1   6.532292651741356E1  -1.496907490540521E-1  -1.498536221487655E1  
 1.047128548050942E8    -3.060881787143419E-2  -2.451206614878597E1  -2.373467506762038E1   6.661217807087832E1  -2.374856393688157E1   6.490919234418188E1  -1.493520841847222E-1  -1.517407525936878E1  
 1.059253725177332E8    -4.075054897961829E-2  -2.489333814391940E1  -2.346230992987267E1   6.624650918846973E1  -2.348774228219125E1   6.431330799283872E1  -1.497663051894545E-1  -1.544459401165533E1  
 1.071519305237650E8    -3.147792200618790E-2  -2.510587657763573E1  -2.319218283290860E1   6.600693044844164E1  -2.321217633260416E1   6.408470322379959E1  -1.609819923226873E-1  -1.543345803540806E1  
 1.083926914021247E8    -4.400591044709167E-2  -2.557432599329684E1  -2.291544899972105E1   6.542449997037738E1  -2.292149364289720E1   6.355898192287922E1  -1.722612067876967E-1  -1.588823382141933E1  
 1.096478196143230E8    -3.421419062865955E-2  -2.594605740818052E1  -2.263059753123578E1   6.514935877630630E1  -2.265964017565386E1   6.308275880833892E1  -1.705684577647593E-1  -1.612761552806792E1  
 1.109174815262446E8    -5.622933728262217E-2  -2.633951301542537E1  -2.238424414884597E1   6.450604206304575E1  -2.240624100762175E1   6.252565985151907E1  -1.875401328099049E-1  -1.642019388764728E1  
 1.122018454302009E8    -6.970055011303911E-2  -2.666561201376079E1  -2.208180779087786E1   6.419272243134948E1  -2.212527067934538E1   6.210810714457646E1  -1.842825034006864E-1  -1.666818648120534E1  
 1.135010815672361E8    -6.003697171193181E-2  -2.715923194181899E1  -2.180089316875872E1   6.347811676488260E1  -2.186845789456006E1   6.159142359411967E1  -1.854043053258387E-1  -1.699882231815757E1  
 1.148153621496930E8    -6.787128184383391E-2  -2.751909348605449E1  -2.153306243118035E1   6.306694520080389E1  -2.159145859338974E1   6.091307816276751E1  -1.946185952557336E-1  -1.735946929567144E1  
 1.161448613840390E8    -5.382740663753309E-2  -2.798406899487851E1  -2.123814715783097E1   6.258661478413209E1  -2.132013554318541E1   6.032924985893901E1  -2.095544736159398E-1  -1.760545765937947E1  
 1.174897554939578E8    -3.777841669078972E-2  -2.830908635999797E1  -2.093603036504877E1   6.204917095126707E1  -2.103333406764898E1   5.988789868997022E1  -2.098277642952128E-1  -1.775904338695742E1  
 1.188502227437067E8    -6.295540356426242E-2  -2.902399664106744E1  -2.066672988604217E1   6.122315638866041E1  -2.077710122682704E1   5.919531379059459E1  -2.174070057136941E-1  -1.800057978620360E1  
 1.202264434617462E8    -5.815167961083167E-2  -2.928673688723672E1  -2.040651572580385E1   6.076471267426079E1  -2.051190731530243E1   5.849576334607944E1  -2.399687078609717E-1  -1.849808133393369E1  
 1.216186000646418E8    -7.265874518874238E-2  -2.989973612063292E1  -2.010260295450527E1   6.009685688205030E1  -2.022545954813351E1   5.789982237482809E1  -2.302488152280938E-1  -1.874937285123271E1  
 1.230268770812432E8    -8.957627729597438E-2  -3.017542586999842E1  -1.981358567327799E1   5.962170728613239E1  -1.994304066505663E1   5.729326420550124E1  -2.632088144769171E-1  -1.912604343243001E1  
 1.244514611771436E8    -8.441666153468154E-2  -3.081184111995217E1  -1.951705258048161E1   5.863510587960814E1  -1.967433574213761E1   5.652006271104391E1  -2.634102512485759E-1  -1.954217131802945E1  
 1.258925411794219E8    -7.783255417167979E-2  -3.132052300680289E1  -1.922429658041677E1   5.800600228757318E1  -1.938863967101083E1   5.578803342316542E1  -2.746998389478163E-1  -1.975532138114263E1  
 1.273503081016714E8    -1.019040472286042E-1  -3.161988140248377E1  -1.893441349213314E1   5.731283518643457E1  -1.908934068573433E1   5.504444540938488E1  -2.700503313937223E-1  -2.008628672386594E1  
 1.288249551693187E8    -9.595419857905660E-2  -3.224456796955483E1  -1.863329564274353E1   5.657784176969427E1  -1.881484195039055E1   5.426001309055952E1  -2.851566374273479E-1  -2.040841636986624E1  
 1.303166778452353E8    -1.097632199837523E-1  -3.285791762892536E1  -1.832145771068918E1   5.559825777512691E1  -1.851905868709635E1   5.341016118702282E1  -2.969625759287846E-1  -2.092156041267955E1  
 1.318256738556462E8    -1.154829419111528E-1  -3.339239531158040E1  -1.801170683229601E1   5.474492467493568E1  -1.821937837585133E1   5.259935172319681E1  -3.121987698685742E-1  -2.126233257961351E1  
 1.333521432163380E8    -1.155352407610340E-1  -3.392332830500258E1  -1.769646939365756E1   5.365186247907266E1  -1.792679034368878E1   5.173747526421664E1  -3.391081978782291E-1  -2.167759495596768E1  
 1.348962882591710E8    -1.389387547652384E-1  -3.463265938280000E1  -1.740351487308819E1   5.260780612076932E1  -1.763618148499220E1   5.070967079724700E1  -3.692381672386785E-1  -2.216237057834897E1  
 1.364583136588981E8    -1.671571539075397E-1  -3.521058393537452E1  -1.709807513493012E1   5.141096599079739E1  -1.733084476941240E1   4.988494131648390E1  -3.651706598677639E-1  -2.259982673993578E1  
 1.380384264602943E8    -1.660091950884808E-1  -3.581383895857628E1  -1.676803494241413E1   5.029770381094918E1  -1.701186888947990E1   4.871016784550011E1  -3.945490146083016E-1  -2.297529126351030E1  
 1.396368361055996E8    -2.121292370277129E-1  -3.641917466160220E1  -1.647802942547718E1   4.915726832570647E1  -1.670552756418320E1   4.769265092037636E1  -3.962917145655112E-1  -2.339640857144804E1  
 1.412537544622814E8    -2.015946701367078E-1  -3.704405356781182E1  -1.615037850866876E1   4.788756381394198E1  -1.637822898014427E1   4.641752849708146E1  -4.447617591430884E-1  -2.401722146267914E1  
 1.428893958511163E8    -2.437888367071946E-1  -3.765702339052287E1  -1.583753112217915E1   4.660700979175397E1  -1.604998886279181E1   4.510906985018658E1  -4.671496229250069E-1  -2.449355029342691E1  
 1.445439770745988E8    -2.812891835225608E-1  -3.850514467529149E1  -1.551566478006200E1   4.509187653280075E1  -1.571730732436825E1   4.385870813145971E1  -4.878163822302523E-1  -2.496224025010428E1  
 1.462177174456780E8    -3.151116497147721E-1  -3.921118087590538E1  -1.521403656985914E1   4.365185161120535E1  -1.539197787326923E1   4.251202534207681E1  -5.466541793420930E-1  -2.551126663151089E1  
 1.479108388168270E8    -3.411072291703309E-1  -4.004076376941502E1  -1.489511728621261E1   4.206975279931143E1  -1.504306495607412E1   4.111885216780473E1  -5.612063227963048E-1  -2.597769974814340E1  
 1.496235656094497E8    -3.817324537284967E-1  -4.066774274252451E1  -1.457562634550242E1   4.052538430126174E1  -1.466728370180243E1   3.953627574904181E1  -6.182948468654036E-1  -2.657907986145001E1  
 1.513561248436272E8    -4.251117303685477E-1  -4.151667023570278E1  -1.424743597407325E1   3.894986756696854E1  -1.432451404185447E1   3.789659777568185E1  -6.549146773084393E-1  -2.705585520342527E1  
 1.531087461682095E8    -4.748871024824727E-1  -4.229278032121061E1  -1.391797430083832E1   3.742121813499543E1  -1.395635232151276E1   3.614795056050751E1  -7.284992114409109E-1  -2.767404409573282E1  
 1.548816618912547E8    -5.530723583659217E-1  -4.321488214134353E1  -1.358247913812393E1   3.548497384620293E1  -1.358667484748639E1   3.406735206374821E1  -8.032042082052088E-1  -2.828768356922273E1  
 1.566751070108216E8    -6.318787523781970E-1  -4.411870789209166E1  -1.323866537319117E1   3.374578698745332E1  -1.323269295933965E1   3.217048922875005E1  -8.666738914782626E-1  -2.880849593874595E1  
 1.584893192461181E8    -7.133292122806781E-1  -4.493799047669376E1  -1.287849106838874E1   3.184475737652062E1  -1.285725886643232E1   3.015232264580211E1  -9.572672530136528E-1  -2.942847844361885E1  
 1.603245390690110E8    -8.196779734010838E-1  -4.590208762582282E1  -1.249184423840538E1   2.970412893498594E1  -1.247198673382393E1   2.781509887475700E1  -1.052629875446363     -3.008231827316866E1  
 1.621810097358999E8    -9.448173141807867E-1  -4.674897289275822E1  -1.211606726048714E1   2.740601150138726E1  -1.209655368977506E1   2.526352400824779E1  -1.168872818132758     -3.058617320782778E1  
 1.640589773199609E8    -1.060584957008331     -4.768142429126193E1  -1.171107128805618E1   2.489831457687600E1  -1.171124780227834E1   2.242612948415775E1  -1.323911958701829     -3.134368180957794E1  
 1.659586907437632E8    -1.221764306368832     -4.856146897148960E1  -1.132393474282217E1   2.223230828720651E1  -1.134055508497187E1   1.953037127244462E1  -1.470883193677227     -3.195027462316899E1  
 1.678804018122632E8    -1.411917325588962     -4.937633936072349E1  -1.092801979779881E1   1.915774639652330E1  -1.095915840408920E1   1.643849033303834E1  -1.641956487880032     -3.231140704238861E1  
 1.698243652461817E8    -1.629371762890895     -5.005488030223240E1  -1.053655594731733E1   1.581210359815293E1  -1.060376945814044E1   1.279322233400578E1  -1.854938057065272     -3.273306638183096E1  
 1.717908387157662E8    -1.858587054278367     -5.068606960247915E1  -1.015469436377123E1   1.214912013336839E1  -1.025214170882758E1   9.101185183573470    -2.090917135028315     -3.309219315146154E1  
 1.737800828749450E8    -2.142172006922558     -5.103531412524759E1  -9.814371891603191     8.229210742324296    -9.900282775104433     5.006334315777744    -2.325130033538527     -3.308609931658316E1  
 1.757923613958768E8    -2.446527130671131     -5.105701987674859E1  -9.475595206350638     3.778559569434385    -9.617789653989005     5.499593972348250E-1 -2.608748983356355     -3.288012593162339E1  
 1.778279410038999E8    -2.768283579213218     -5.053068089694942E1  -9.204742476459524    -8.03906337689770E-1  -9.343690260969407    -4.260595878466137    -2.908709712001731     -3.230332957157103E1  
 1.798870915128865E8    -3.094296266371893     -4.979731417547612E1  -8.977320428205914    -5.850223131746170    -9.134064379990672    -9.053636752672176    -3.194025351126798     -3.117841033288043E1  
 1.819700858610062E8    -3.398697801881711     -4.829295190818750E1  -8.814271448621110    -1.107205143718337E1  -8.972046755727495    -1.444988409895611E1  -3.460341354899527     -2.956226357381285E1  
 1.840772001469035E8    -3.651527056377756     -4.635687129304688E1  -8.715209107102394    -1.654465553942132E1  -8.893477016597528    -1.997721438511859E1  -3.684158072574452     -2.762287425283506E1  
 1.862087136662948E8    -3.815498435654221     -4.379348668142307E1  -8.697499863591087    -2.204903092211531E1  -8.855287700529734    -2.562472189739905E1  -3.816970349284728     -2.522569588502112E1  
 1.883649089489882E8    -3.877133814709179     -4.127184782537258E1  -8.742992254681655    -2.764956307656041E1  -8.915459059648331    -3.134122897888577E1  -3.846007030559882     -2.251461173260754E1  
 1.905460717963330E8    -3.806713799335430     -3.851814170839660E1  -8.853795372522479    -3.305502678408362E1  -9.051130392581575    -3.714488327437636E1  -3.781306733467662     -1.992329078586938E1  
 1.927524913191020E8    -3.654026400418571     -3.629055933811489E1  -9.064091093604286    -3.844859855741692E1  -9.285621590820210    -4.259373080551280E1  -3.629443986208303     -1.770769854475622E1  
 1.949844599758131E8    -3.419731099221941     -3.432356714518979E1  -9.311067479770205    -4.352273738516740E1  -9.564411427349764    -4.792977845615734E1  -3.416489104587011     -1.589002836751727E1  
 1.972422736114940E8    -3.115310810924012     -3.296264627925227E1  -9.611864488693735    -4.827214700341099E1  -9.911089713439228    -5.305394254210855E1  -3.142611574177338     -1.466783559113106E1  
 1.995262314968967E8    -2.833850468873804     -3.206448869127404E1  -9.965379252353428    -5.278024649204151E1  -1.029993318338067E1  -5.786822896409034E1  -2.881399006620554     -1.371847768849798E1  
 2.018366363681650E8    -2.525996451204711     -3.172818832712336E1  -1.033688442390956E1  -5.702181050604263E1  -1.073638950502440E1  -6.215273957900290E1  -2.588006422306829     -1.322002615999035E1  
 2.041737944669619E8    -2.250744849948413     -3.168092002931600E1  -1.075923525317837E1  -6.103803981594854E1  -1.121857116738384E1  -6.616100840883361E1  -2.353141756843928     -1.312760362447500E1  
 2.065380155810621E8    -1.988054628164949     -3.196174596598940E1  -1.119130761941543E1  -6.484200349288905E1  -1.170619097496912E1  -7.013854281845191E1  -2.132716953042901     -1.337638891442364E1  
 2.089296130854132E8    -1.748914444451410     -3.240647026791681E1  -1.163637750351949E1  -6.834168665901599E1  -1.223322159032557E1  -7.349956531331233E1  -1.906607632701240     -1.355768891050722E1  
 2.113489039836741E8    -1.535358240839024     -3.318150899964999E1  -1.207648418288082E1  -7.166165331704228E1  -1.275143901344874E1  -7.652357616591395E1  -1.728699734273231     -1.398791610128042E1  
 2.137962089502327E8    -1.352642334721095     -3.399464286088700E1  -1.253640915535930E1  -7.465698364154518E1  -1.326302432551675E1  -7.953981173146200E1  -1.555579154585432     -1.447228650846227E1  
 2.162718523727117E8    -1.197330350507296     -3.464712258159302E1  -1.304307685707885E1  -7.775609847942798E1  -1.381318278824555E1  -8.199611702899937E1  -1.408712489970901     -1.519228311751723E1  
 2.187761623949650E8    -1.046671102564639  -   3.557354541022223E1  -1.353829094322516E1  -8.054990315873398E1  -1.434912168576351E1  -8.425935045102567E1  -1.279846175629115     -1.579244166960287E1  
 2.213094709605737E8    -9.143148453447410E-1  -3.641168456600094E1  -1.404237802952170E1  -8.310380357166470E1  -1.486692129220353E1  -8.631987205103400E1  -1.171445982371216     -1.651483216635876E1  
 2.238721138568440E8    -7.870760319113522E-1  -3.734278002862296E1  -1.457103420075425E1  -8.543305103451102E1  -1.539393640225649E1  -8.835589249146916E1  -1.085000909352113     -1.715803833997210E1  
 2.264644307593161E8    -7.010332466831933E-1  -3.823428212758100E1  -1.510809410055142E1  -8.767730408313955E1  -1.590568747592366E1  -8.984781788073249E1  -9.925116002684248E-1  -1.781412947136282E1  
 2.290867652767876E8    -6.065243445468613E-1  -3.921985323439823E1  -1.568781734018242E1  -8.950432384913384E1  -1.641750170498317E1  -9.146635613070667E1  -9.098124649348914E-1  -1.859675731239645E1  
 2.317394649968583E8    -5.161934946810597E-1  -4.025242791638804E1  -1.626546249673752E1  -9.105731626176079E1  -1.692959310922361E1  -9.286405963780547E1  -8.647540454340669E-1  -1.926674216712589E1  
 2.344228815320028E8    -4.368220572032960E-1  -4.120969777745196E1  -1.682482767068506E1  -9.219201336873626E1  -1.742087557571930E1  -9.412919941148788E1  -8.102797983684930E-1  -1.995082194942144E1  
 2.371373705661762E8    -3.781514115920247E-1  -4.196338700576638E1  -1.738855468130369E1  -9.326515593737540E1  -1.796338705117752E1  -9.552617473246525E1  -7.698687877333866E-1  -2.049631002393917E1  
 2.398832919019599E8    -3.167226784365738E-1  -4.311826602607013E1  -1.789144247623543E1  -9.410207929886124E1  -1.841341977094363E1  -9.631591006739313E1  -6.955395889835412E-1  -2.114858161224545E1  
 2.426610095082525E8    -2.486913963193813E-1  -4.408420079261634E1  -1.839973917514036E1  -9.474232517314405E1  -1.889683636596863E1  -9.719161403389298E1  -6.763158835168338E-1  -2.193796817762250E1  
 2.454708915685141E8    -2.080899957604485E-1  -4.496392687368415E1  -1.890081412420244E1  -9.533536126048003E1  -1.939231300553538E1  -9.807009606351267E1  -6.198842749646589E-1  -2.250759063876006E1  
 2.483133105295683E8    -1.732136529426891E-1  -4.585958213036626E1  -1.936056484260941E1  -9.585017053377041E1  -1.987415212268862E1  -9.895560733033547E1  -6.051782456667572E-1  -2.323022469138235E1  
 2.511886431509694E8    -9.415462296970666E-2  -4.679574875961770E1  -1.979984657910540E1  -9.612379456602707E1  -2.033852385798897E1  -9.960132239953897E1  -5.708048917437077E-1  -2.380273016998108E1  
 2.540972705549420E8    -3.470901047700589E-2  -4.794537739719855E1  -2.022404356733792E1  -9.666427176227015E1  -2.081051652163815E1  -1.003862458152898E2  -5.399380267770143E-1  -2.463188952298189E1  
 2.570395782768981E8    -3.556088954292316E-2  -4.884200660769172E1  -2.067609950640842E1  -9.716350626581274E1  -2.130732354987416E1  -1.008659258301704E2  -5.200124162795147E-1  -2.495309546470806E1  
 2.600159563165390E8     7.933250188864413E-3  -4.968689703518711E1  -2.108907488064219E1  -9.745750758158729E1  -2.180176396646360E1  -1.016057462290161E2  -4.994207527270800E-1  -2.587575802212117E1  
 2.630267991895502E8     3.279076984596239E-2  -5.077697181811572E1  -2.152673157122026E1  -9.806767635386595E1  -2.222234298865738E1  -1.018671854854094E2  -4.686684165698910E-1  -2.636165425459246E1  
 2.660725059798931E8     8.644631508247953E-2  -5.178365092406603E1  -2.196430321462045E1  -9.850568591528153E1  -2.271820172641668E1  -1.022944889132466E2  -4.684285188076671E-1  -2.711362664241049E1  
 2.691534803927038E8     1.059547835713267E-1  -5.263311527835094E1  -2.239476373969271E1  -9.876309065151325E1  -2.322421766709134E1  -1.024764070981136E2  -4.404288057252076E-1  -2.760921724496670E1  
 2.722701308078036E8     1.480849118265824E-1  -5.365791000486740E1  -2.281833879302483E1  -9.914749797908883E1  -2.371627193415125E1  -1.028116009519325E2  -4.205261472780283E-1  -2.830456700588292E1  
 2.754228703338292E8     1.843676016040982E-1  -5.475025939245712E1  -2.328001130059554E1  -9.948639013203059E1  -2.422122356596016E1  -1.029075261877454E2  -4.075206826463707E-1  -2.897211891758846E1  
 2.786121168629898E8     2.049958346853555E-1  -5.576802827116510E1  -2.372891828753162E1  -9.975080009314598E1  -2.475671393518495E1  -1.030207708291474E2  -4.000023667784807E-1  -2.945419369860501E1  
 2.818382931264583E8     2.499070748787764E-1  -5.667319460214561E1  -2.423108042695528E1  -9.985779665344396E1  -2.530668734251859E1  -1.028721715179944E2  -4.038466321979483E-1  -3.014538799438300E1  
 2.851018267504040E8     2.551076935145817E-1  -5.779280320627831E1  -2.473471612702454E1  -1.001958321689730E2  -2.583584455949387E1  -1.025467456102651E2  -3.901564116930474E-1  -3.086554180411335E1  
 2.884031503126738E8     2.753245116878976E-1  -5.880024695660584E1  -2.526077920263642E1  -1.002950026361073E2  -2.639706112559528E1  -1.023047158399846E2  -3.898543699075534E-1  -3.161126414703254E1  
 2.917427014001301E8     3.203026599556165E-1  -5.974218001971842E1  -2.581883194225762E1  -1.006412400798826E2  -2.699370009202096E1  -1.016732256905385E2  -3.682698285521052E-1  -3.204530030683096E1  
 2.951209226666521E8     3.362528984899678E-1  -6.103574863766564E1  -2.644306549087504E1  -1.009818827614573E2  -2.759398399574250E1  -1.009161183630320E2  -3.687982242103003E-1  -3.272003580327468E1  
 2.985382618918097E8     3.687349845299801E-1  -6.185535549167088E1  -2.713643079472562E1  -1.007157888664450E2  -2.824893199538033E1  -9.975638595623229E1  -3.549167291711855E-1  -3.335876256162293E1  
 3.019951720402156E8     3.875210803929329E-1  -6.302311190092308E1  -2.796131794584255E1  -1.000771964559493E2  -2.894374943036173E1  -9.860849557178773E1  -3.606386839260054E-1  -3.400302355652757E1  
 3.054921113215655E8     4.032883645815582E-1  -6.418052401340761E1  -2.879445719319179E1  -9.873682684559073E1  -2.962126448765106E1  -9.672316873470845E1  -3.574613270027726E-1  -3.460117154191624E1  
 3.090295432513734E8     4.397357215789907E-1  -6.519034367397730E1  -2.969298778907789E1  -9.653764295017326E1  -3.031824478990313E1  -9.434477121506227E1  -3.294791561358088E-1  -3.523443956046493E1  
 3.126079367124100E8     4.675797153116104E-1  -6.631811576571511E1  -3.055595639754245E1  -9.322655683126710E1  -3.103748977631580E1  -9.120568426606968E1  -3.385084334263124E-1  -3.583362296542678E1  
 3.162277660168526E8     4.960683430333024E-1  -6.737496740400235E1  -3.139411221294473E1  -8.869407405867248E1  -3.177454804193665E1  -8.755095509450374E1  -3.387276994220667E-1  -3.642916855548879E1  
 3.198895109691547E8     4.876055676833458E-1  -6.871574007842470E1  -3.212440124787549E1  -8.347022090154830E1  -3.242727276199203E1  -8.356578072342866E1  -3.393323752926570E-1  -3.721240230963258E1  
 3.235936569296433E8     5.060591472449059E-1  -6.997684800784796E1  -3.276070484966267E1  -7.700191476533401E1  -3.307612994793261E1  -7.802095916239843E1  -3.447872389406184E-1  -3.789582143106544E1  
 3.273406948788534E8     5.227624539652473E-1  -7.093235200051063E1  -3.330565561368492E1  -7.012728754734148E1  -3.355222269727002E1  -7.145601564422191E1  -3.381157390271899E-1  -3.846349365745115E1  
 3.311311214826065E8     5.236198850162215E-1  -7.242473724399270E1  -3.359099906994998E1  -6.257089456369744E1  -3.393654872699439E1  -6.468165148752394E1  -3.364991368355590E-1  -3.915959547476635E1  
 3.349654391578433E8     5.794826360448633E-1  -7.343757168333265E1  -3.373108799567757E1  -5.374691685278676E1  -3.407606586198764E1  -5.656456640480231E1  -3.355732314886037E-1  -3.983162921608189E1  
 3.388441561392184E8     5.877753551224022E-1  -7.482638392763481E1  -3.355716188728957E1  -4.590800621592701E1  -3.407551676449449E1  -4.900124816045167E1  -3.531401596609870E-1  -4.077079584033786E1  
 3.427677865464664E8     5.892766465325480E-1  -7.618568650393124E1  -3.319426009781986E1  -3.819421264673937E1  -3.372129301793407E1  -4.182594689096558E1  -3.779843167681885E-1  -4.142554522951153E1  
 3.467368504525479E8     6.030193542796265E-1  -7.732710483203876E1  -3.269816077664705E1  -3.095684520528817E1  -3.325998731605738E1  -3.526068008450923E1  -3.547131910856720E-1  -4.222696995952188E1  
 3.507518739525845E8     6.203763674981084E-1  -7.874432973483074E1  -3.196173918542684E1  -2.497605294842834E1  -3.267733065435095E1  -2.955214087981625E1  -3.538366814202900E-1  -4.310664630390575E1  
 3.548133892335922E8     6.489231591740946E-1  -8.023763399418182E1  -3.118241901981802E1  -2.047314862947407E1  -3.204544713800762E1  -2.539780648911012E1  -3.647601132601872E-1  -4.394051097559502E1  
 3.589219346450222E8     6.508398762812971E-1  -8.149550736577082E1  -3.033698968656967E1  -1.692425226369895E1  -3.134744317880779E1  -2.143607895290105E1  -3.624829119044495E-1  -4.460504828262424E1  
 3.630780547701185E8     6.739028896512291E-1  -8.297523555251051E1  -2.949617629531050E1  -1.441017623045909E1  -3.066198674007896E1  -1.886798321717162E1  -3.831220484296904E-1  -4.557590627053882E1  
 3.672823004981020E8     6.879258991562121E-1  -8.456321640641950E1  -2.866352585621949E1  -1.288701992949242E1  -2.991882608984224E1  -1.659723212113113E1  -3.791668015878494E-1  -4.632174575366184E1  
 3.715352290971901E8     6.983112254869106E-1  -8.596372027810907E1  -2.787789408464973E1  -1.229978243847176E1  -2.921336068634342E1  -1.509335210278774E1  -3.949632097366219E-1  -4.724470646832335E1  
 3.758374042884619E8     7.036774530572697E-1  -8.748105770094503E1  -2.720537977137644E1  -1.210142125139018E1  -2.858266565494998E1  -1.384298049411119E1  -4.028452890049895E-1  -4.806992974026245E1  
 3.801893963205792E8     6.964497253883295E-1  -8.922818251846799E1  -2.663257471409573E1  -1.233037430770306E1  -2.793966032587659E1  -1.319580871039935E1  -4.110903631290260E-1  -4.904090135149529E1  
 3.845917820453718E8     7.122566842212721E-1  -9.076293213464612E1  -2.612207060772593E1  -1.220528729971418E1  -2.732749294962215E1  -1.271468311006804E1  -4.254096425705599E-1  -4.992087808326632E1  
 3.890451449942991E8     6.996039173673028E-1  -9.238965068261840E1  -2.564711028419396E1  -1.176842561920122E1  -2.673826807812726E1  -1.225138631492090E1  -4.357143098894011E-1  -5.088413883714591E1  
 3.935500754557962E8     7.058555716292312E-1  -9.420992338807594E1  -2.508932816639413E1  -1.110562296032943E1  -2.617619881163887E1  -1.230384424934780E1  -4.588877038972278E-1  -5.179140522820870E1  
 3.981071705535162E8     6.880646746398218E-1  -9.615857884335165E1  -2.449134727806732E1  -1.075159801109822E1  -2.560043567645142E1  -1.227516608393099E1  -4.940665320499370E-1  -5.280961539874117E1  
 4.027170343254783E8     6.856135294749194E-1  -9.786019027183018E1  -2.381277102267072E1  -1.036321884755294E1  -2.504069398696827E1  -1.259502180772269E1  -5.224967353618576E-1  -5.388107307596879E1  
 4.073802778041322E8     6.478371728570628E-1  -9.971902944976787E1  -2.312442351782298E1  -1.064914454822505E1  -2.445177889114088E1  -1.295020671134577E1  -5.619194393236480E-1  -5.521412304207985E1  
 4.120975190973499E8     6.315199725338098E-1  -1.016275761334263E2  -2.236370462208600E1  -1.122447575622010E1  -2.384244171356709E1  -1.326121198779243E1  -6.038060427395523E-1  -5.626924105859364E1  
 4.168693834703554E8     5.897749425171143E-1  -1.037043865762404E2  -2.159753180395097E1  -1.246829869938835E1  -2.319298038573365E1  -1.402109720999191E1  -6.547293591245119E-1  -5.746141026449794E1  
 4.216965034286025E8     5.347766354110966E-1  -1.058463161131706E2  -2.078279181182117E1  -1.433412318479631E1  -2.251944220227261E1  -1.528848059298642E1  -6.981024005651112E-1  -5.882184841454497E1  
 4.265795188016132E8     4.806402798374980E-1  -1.079872290945473E2  -1.998519220421965E1  -1.653389685634198E1  -2.179552954826452E1  -1.664702584156098E1  -7.536270427941066E-1  -6.000061626900374E1  
 4.315190768277860E8     4.024808916767720E-1  -1.103221406646571E2  -1.914825844641880E1  -1.966757697399775E1  -2.105900797163015E1  -1.889326751656746E1  -8.512035975004929E-1  -6.168825665978351E1  
 4.365158322401871E8     2.815554258717260E-1  -1.126107700253647E2  -1.830487237613387E1  -2.349261174871958E1  -2.028770438062285E1  -2.132015871616069E1  -9.402189590493273E-1  -6.315949813645201E1  
 4.415704473533339E8     1.586236274438359E-1  -1.148602965947539E2  -1.749305767330158E1  -2.803948807261281E1  -1.949956180800405E1  -2.433274555647529E1  -1.070314001754050     -6.461484649763170E1  
 4.466835921509848E8     1.065149420281388E-2  -1.175103368828662E2  -1.671603081067402E1  -3.374229302084055E1  -1.867371344990741E1  -2.822944787297643E1  -1.218251519574900     -6.626740449341561E1  
 4.518559443749443E8    -1.735217579213480E-1  -1.198086598970409E2  -1.604902431712542E1  -3.982135218288700E1  -1.780899449125816E1  -3.270047916406229E1  -1.404402654282068     -6.793204457026810E1  
 4.570881896148972E8    -4.165596532090493E-1  -1.222212993430976E2  -1.547905631924708E1  -4.641788752776341E1  -1.694556310482018E1  -3.816157981883074E1  -1.649666471987235     -6.964441429694485E1  
 4.623810213992828E8    -7.554497804613676E-1  -1.248801857969663E2  -1.492298643157473E1  -5.333615490449738E1  -1.606543647031669E1  -4.483469656410200E1  -1.959546089198937     -7.130395522492172E1  
 4.677351412872210E8    -1.143272300332690     -1.272688217261659E2  -1.429728493412489E1  -6.081092989938447E1  -1.518469545413974E1  -5.286186650650348E1  -2.378598855318284     -7.280056741551879E1  
 4.731512589615035E8    -1.633894407296767     -1.289026004157496E2  -1.366690045338211E1  -6.933841252833429E1  -1.437994940742033E1  -6.245590521264789E1  -2.876100048534889     -7.360231931898804E1  
 4.786300923226617E8    -2.182716530754471     -1.297513282413501E2  -1.302382799738459E1  -7.947132848393163E1  -1.365717050095838E1  -7.388279211295341E1  -3.503484770614039     -7.355652981892834E1  
 4.841723675841230E8    -2.739072458411330     -1.291250214200326E2  -1.249648123182385E1  -9.132343338689287E1  -1.309752783466694E1  -8.688402409437218E1  -4.133146458472268     -7.146472996056708E1  
 4.897788193684702E8    -3.171670968943462     -1.271717222274388E2  -1.211991602917339E1  -1.047212522648756E2  -1.277582775871817E1  -1.016606549203078E2  -4.595235121440799     -6.778550000743834E1  
 4.954501908048145E8    -3.290967719674212     -1.243594058743234E2  -1.194585776353129E1  -1.195392761607681E2  -1.272887551655029E1  -1.174937521847028E2  -4.701180872117067     -6.303368517175674E1  
 5.011872336272969E8    -3.152485031966512     -1.222452351760985E2  -1.198064895475879E1  -1.351136713683184E2  -1.295688074089145E1  -1.336112980193831E2  -4.393369104795577     -5.887332190643785E1  
 5.069907082747293E8    -2.856988139300989     -1.216717671572210E2  -1.220366746144299E1  -1.513082136314063E2  -1.339512054453554E1  -1.499099395174978E2  -3.912550657172370     -5.696176644515368E1  
 5.128613839913901E8    -2.591929247804206     -1.224673124202456E2  -1.253776864267044E1  -1.680339835703425E2  -1.394146673362821E1  -1.659183175846823E2  -3.444698080539282     -5.675896688222600E1  
 5.188000389289867E8    -2.391653121888437     -1.241672832318691E2  -1.292596279741671E1   1.751221751502659E2  -1.449748906882339E1   1.782943335354731E2  -3.091113332000454     -5.755262659109932E1  
 5.248074602497985E8    -2.305056636625617     -1.263122201328305E2  -1.334187378550576E1   1.576229534431829E2  -1.498657150154366E1   1.624915165711356E2  -2.810612182149203     -5.907301155342775E1  
 5.308844442310146E8    -2.304553157546614     -1.285898455229740E2  -1.378441120601915E1   1.401564183602805E2  -1.532895304606141E1   1.467899061543083E2  -2.652381898096035     -6.073963601865354E1  
 5.370317963702793E8    -2.371014608405069     -1.307104502051078E2  -1.422053281331704E1   1.232392779562949E2  -1.552997205292664E1   1.313963539579676E2  -2.577529436198187     -6.250521319792678E1  
 5.432503314924601E8    -2.497930667198030     -1.327593253257015E2  -1.459518002462592E1   1.080248792621346E2  -1.552358841090072E1   1.163244729728934E2  -2.545018436835957     -6.415367186378462E1  
 5.495408738576518E8    -2.664384286350632     -1.345568800442809E2  -1.474894792190721E1   9.447419755406719E1  -1.539214183799904E1   1.016116772795050E2  -2.596223292051415     -6.574496737612155E1  
 5.559042572704312E8    -2.844123111622997     -1.358573598218481E2  -1.463001192365548E1   8.245516911178535E1  -1.513553572107571E1   8.755254471350091E1  -2.660226349868133     -6.703589876731273E1  
 5.623413251903770E8    -2.999281027406766     -1.368379998880510E2  -1.428441042990661E1   7.120790019476280E1  -1.475720460230600E1   7.439169762842782E1  -2.732321013020137     -6.813481954964053E1  
 5.688529308438697E8    -3.147246487903729     -1.377778073518815E2  -1.376734738035821E1   6.044159053007595E1  -1.435718363571330E1   6.190585979490633E1  -2.830654165028068     -6.921970511581462E1  
 5.754399373371855E8    -3.270773226415141     -1.386725363184243E2  -1.314026399746870E1   4.964022394601038E1  -1.391406945963832E1   4.996563606959433E1  -2.909081639998520     -7.054791482567450E1  
 5.821032177709004E8    -3.357138856208053     -1.394673674311418E2  -1.246081687373534E1   3.895340712918442E1  -1.347561788358187E1   3.872549451911567E1  -2.978533948111387     -7.153285599087691E1  
 5.888436553556184E8    -3.460000208958524     -1.403721468136099E2  -1.178895155212932E1   2.809203566668678E1  -1.309640399812658E1   2.783147904597612E1  -3.114420745851153     -7.252456526856858E1  
 5.956621435290402E8    -3.538372924441951     -1.414396420075065E2  -1.116463492178097E1   1.661934337783905E1  -1.273444939825933E1   1.773064370153433E1  -3.224776052767349     -7.348308801423080E1  
 6.025595860743879E8    -3.673586685071107     -1.427190450895536E2  -1.070738057044859E1   4.445797674965466    -1.239058837650518E1   7.713526052984909    -3.336589405475813     -7.459413383988050E1  
 6.095368972401997E8    -3.820208413254021     -1.437559932304976E2  -1.050060450316801E1  -7.628342955693464    -1.211343770100657E1  -1.787418965449341    -3.509095941204000     -7.560602651810561E1  
 6.165950018615131E8    -3.990546867984093     -1.445729089231844E2  -1.054998100470931E1  -1.889254474084978E1  -1.190793481205116E1  -1.144651665354004E1  -3.739456739164637     -7.650250830976142E1  
 6.237348354824506E8    -4.190860425689828     -1.450568241626542E2  -1.075830133816134E1  -2.873367135676062E1  -1.179461307313314E1  -2.090822056074342E1  -4.032848568622819     -7.708019926650826E1  
 6.309573444802250E8    -4.359759493806475     -1.451715901243011E2  -1.097413943856257E1  -3.717129877097747E1  -1.174323483373319E1  -3.033805342129937E1  -4.360077109916212     -7.696456040301376E1  
 6.382634861905808E8    -4.546590659487560     -1.446969531278420E2  -1.119669361981615E1  -4.508367306327300E1  -1.184565630472701E1  -3.972490372113344E1  -4.708269528167451     -7.602646895763606E1  
 6.456542290346881E8    -4.672877424523409     -1.437507466443155E2  -1.142243703031197E1  -5.259175035501283E1  -1.208128635613723E1  -4.885712006340014E1  -4.973750552164404     -7.430942792077333E1  
 6.531305526475054E8    -4.673231400164277     -1.422112980259529E2  -1.164870529007891E1  -5.993606794728333E1  -1.246950084447236E1  -5.785153110011504E1  -5.117024337525218     -7.215300258244824E1  
 6.606934480076295E8    -4.488112128642420     -1.405537319974074E2  -1.193241586621655E1  -6.716445194359186E1  -1.302699444286821E1  -6.611024993428238E1  -5.090679314328759     -6.952901101719171E1  
 6.683439175686486E8    -4.140382477263089     -1.394450916953759E2  -1.227865713814000E1  -7.474868333717737E1  -1.375527940354466E1  -7.344762567341073E1  -4.918795418436694     -6.707160560536188E1  
 6.760829753920162E8    -3.676082474596442     -1.393912403206426E2  -1.274641314979773E1  -8.243188285273207E1  -1.458884466008205E1  -7.969912693574979E1  -4.580846203553940     -6.544143201944718E1  
 6.839116472814642E8    -3.196700851668004     -1.403604281603338E2  -1.343459235019350E1  -9.009496967301956E1  -1.551716686823634E1  -8.450536845498618E1  -4.192867099989264     -6.460750466445896E1  
 6.918309709189718E8    -2.732192794836318     -1.423550082759124E2  -1.438982639169556E1  -9.741670625103507E1  -1.649791111553037E1  -8.799422479677001E1  -3.799558421248927     -6.461915264926668E1  
 6.998419960023092E8    -2.351375402576141     -1.448634737885167E2  -1.575386268711032E1  -1.027123141183466E2  -1.747190607744478E1  -9.006045814257766E1  -3.427430960595757     -6.529383328694159E1  
 7.079457843841741E8    -2.026364482738408     -1.478155528445870E2  -1.725868643061822E1  -1.042746168555078E2  -1.841679630370100E1  -9.063249547344928E1  -3.114404919739238     -6.632032547171413E1  
 7.161434102129387E8    -1.766283734024081     -1.510520620951736E2  -1.855840822044141E1  -1.020588490460743E2  -1.927995037273088E1  -8.979515032015760E1  -2.849157836528026     -6.774652331215393E1  
 7.244359600750272E8    -1.541328327672074     -1.545749655775263E2  -1.938755891092100E1  -9.770041890887816E1  -1.998407299490689E1  -8.767687294118041E1  -2.619382594810807     -6.947850088849754E1  
 7.328245331389418E8    -1.398035136400307     -1.579664483881520E2  -1.980877771426667E1  -9.273714994473444E1  -2.048799739264600E1  -8.456693941376753E1  -2.402150480575171     -7.110624390386468E1  
 7.413102413009557E8    -1.272909052987038     -1.615756983573567E2  -1.982329243033740E1  -8.859235536520173E1  -2.074088674241667E1  -8.109865223252652E1  -2.255238128970314     -7.297721939322227E1  
 7.498942093324945E8    -1.202438615802516     -1.652920305512316E2  -1.957927843374350E1  -8.549378200874769E1  -2.077522521394205E1  -7.781415703238832E1  -2.111357468618569     -7.482336648390351E1  
 7.585775750292230E8    -1.128895527858254     -1.687468729449414E2  -1.915491977262790E1  -8.452682042145835E1  -2.063184319969811E1  -7.486369466037444E1  -1.984269502153726     -7.676624730131482E1  
 7.673614893618586E8    -1.149951216250174     -1.722833795709222E2  -1.885955906724995E1  -8.569271071693690E1  -2.032502291379802E1  -7.264611628773687E1  -1.868615845602215     -7.870338469105904E1  
 7.762471166287320E8    -1.154230973619132     -1.758634277137883E2  -1.885921120945452E1  -8.744541617880985E1  -1.996197781369365E1  -7.127816672719735E1  -1.783197528118929     -8.066441497823782E1  
 7.852356346101126E8    -1.182588883001892     -1.796167674597647E2  -1.907303534543699E1  -8.745979950544148E1  -1.954450994275355E1  -7.064127245499630E1  -1.701564298349069     -8.268289426132071E1  
 7.943282347243228E8    -1.261865817390424      1.769651089630574E2  -1.908959177125463E1  -8.538671776193478E1  -1.912045242577198E1  -7.067867902607618E1  -1.657803346276975     -8.461252013885274E1  
 8.035261221856591E8    -1.339437279764790      1.735398881128992E2  -1.874602629735658E1  -8.322401689901847E1  -1.869254148098650E1  -7.111250960342038E1  -1.628288467734711     -8.670651686104311E1  
 8.128305161641415E8    -1.454124465453226      1.700255974910623E2  -1.817848001822261E1  -8.230963776555740E1  -1.826991287023219E1  -7.204278010202421E1  -1.598640067603947     -8.870592417340602E1  
 8.222426499471140E8    -1.553399897042751      1.666829808858769E2  -1.747139432894512E1  -8.300845542585959E1  -1.785903541189696E1  -7.339474418904931E1  -1.589392583523804     -9.077174543836939E1  
 8.317637711027144E8    -1.683459542638554      1.632980259287787E2  -1.676323792018376E1  -8.555651732628823E1  -1.746145817488750E1  -7.501640456139467E1  -1.574763866494690     -9.292341973165036E1  
 8.413951416452391E8    -1.820169926502567      1.600381742599613E2  -1.621114835942204E1  -9.040184383456227E1  -1.704067316639740E1  -7.692556461970548E1  -1.546813820063320     -9.481860901864070E1  
 8.511380382024211E8    -1.956924151665632      1.566206543908464E2  -1.610369319024665E1  -9.623164403801511E1  -1.665663329475470E1  -7.904468716901369E1  -1.545617760300026     -9.684678691417912E1  
 8.609937521846458E8    -2.118270073750387      1.532732366922496E2  -1.636418780778093E1  -9.978503129576816E1  -1.625691399629882E1  -8.143893832710727E1  -1.585715815787345     -9.899062102618551E1  
 8.709635899561263E8    -2.318697980947915      1.498410795787094E2  -1.653036400623126E1  -1.004028565864977E2  -1.590438125379500E1  -8.405758170176912E1  -1.608343950828613     -1.009608780426358E2  
 8.810488730080603E8    -2.509503734846472      1.466433942938380E2  -1.634908034715570E1  -1.003074855018063E2  -1.556424366512779E1  -8.697540517371998E1  -1.624719632175442     -1.030644474471305E2  
 8.912509381337924E8    -2.729353388321728      1.433521372946641E2  -1.590729456194690E1  -1.009855746336968E2  -1.520393935922311E1  -8.997708256600654E1  -1.682582393222142     -1.052232926001332E2  
 9.015711376060044E8    -2.971904786460555      1.401880547008994E2  -1.529569384593245E1  -1.031558188319974E2  -1.490726030154936E1  -9.338883445877711E1  -1.733790004750451     -1.075348296708164E2  
 9.120108393559579E8    -3.196434913714288      1.370375659787915E2  -1.461957804501357E1  -1.076830028568551E2  -1.461544355333570E1  -9.682160937261406E1  -1.804522347625309     -1.097602514574350E2  
 9.225714271548119E8    -3.441394291728658      1.338201284068840E2  -1.421984581286559E1  -1.145921489717790E2  -1.429635924488234E1  -1.006596022377221E2  -1.861513119980573     -1.119282410902291E2  
 9.332543007970403E8    -3.702644782843546      1.307152188134202E2  -1.438672628108623E1  -1.217982388977383E2  -1.401837025388343E1  -1.045661162195381E2  -1.938524554778446     -1.141613069317208E2  
 9.440608762859733E8    -4.024486538960181      1.273768066953147E2  -1.480739200706983E1  -1.257880471606434E2  -1.374182274649557E1  -1.087746132983878E2  -2.032267196988006     -1.165108324312214E2  
 9.549925860214865E8    -4.348621109833852      1.243445641393211E2  -1.498961255409121E1  -1.277410934441490E2  -1.350303715503234E1  -1.134031063436061E2  -2.190299725860065     -1.186553195452166E2  
 9.660508789898646E8    -4.703763737088880      1.215530600751809E2  -1.485824647788413E1  -1.294202828969166E2  -1.330250481533833E1  -1.183678747204895E2  -2.368651342126041     -1.209437135718880E2  
 9.772372209558625E8    -5.072139180050487      1.188028740827385E2  -1.449554536736742E1  -1.324157147953308E2  -1.314154050812034E1  -1.238526247848755E2  -2.551699169701111     -1.229455945826788E2  
 9.885530946569914E8    -5.425774868623750      1.163947467367723E2  -1.403068238949152E1  -1.376274808662166E2  -1.303802127890310E1  -1.297888328701028E2  -2.757813416382134     -1.248866416060575E2  
 1.000000000000000E9    -5.776077923787950      1.139103085959414E2  -1.378322151165983E1  -1.461552144122085E2  -1.304347566973017E1  -1.365630963230640E2  -2.970581017806289     -1.268605978779525E2  
