 1.000000000000000E5    -2.766755307993144E1   8.044515131952137E1  -3.316438049071716E-2  -2.317565818922103  -4.520888879552792E-2  -2.296355658765152  -2.775497183714414E1   7.995394820578657E1  
 1.011579454259899E5    -2.760389743190691E1   8.061565830906952E1  -4.078778522874783E-2  -2.347624335569257  -4.298702333645910E-2  -2.358886990863814  -2.766168048782843E1   8.054792227318363E1  
 1.023292992280754E5    -2.753734332317477E1   8.079075996580028E1  -4.197930493339278E-2  -2.393911567945723  -5.226286546479485E-2  -2.377629817616182  -2.758270575611217E1   8.072408541943899E1  
 1.035142166679344E5    -2.742472182909619E1   8.102349369111180E1  -4.124129420628426E-2  -2.393598371187998  -5.483830595138129E-2  -2.400393989162108  -2.744553543290999E1   8.074413543751990E1  
 1.047128548050900E5    -2.731350619301000E1   8.054239272755790E1  -4.202917066921334E-2  -2.435941054144151  -4.640404508279547E-2  -2.422130357900600  -2.737639967583663E1   8.103076299518489E1  
 1.059253725177289E5    -2.721250359650204E1   8.055643113677714E1  -3.890687586805786E-2  -2.453630892805310  -4.550727364214952E-2  -2.441506025364607  -2.728017179044858E1   8.062361457494669E1  
 1.071519305237607E5    -2.714874810560562E1   8.100110844749874E1  -5.055596317494202E-2  -2.508246738316489  -4.987041428452853E-2  -2.482934135264912  -2.718707935443130E1   8.107429067814344E1  
 1.083926914021204E5    -2.706628928331968E1   8.091934836772229E1  -4.465160992666447E-2  -2.473820967650303  -4.893657994116367E-2  -2.526756281031052  -2.709621774772221E1   8.078836153018112E1  
 1.096478196143186E5    -2.695322185754822E1   8.126905535133442E1  -4.646047625145838E-2  -2.522034378943649  -5.384360822778657E-2  -2.522916581718902  -2.698167178802756E1   8.114572870106460E1  
 1.109174815262402E5    -2.688411031514621E1   8.090531254197740E1  -4.625825146976838E-2  -2.590203711460749  -4.952323885215007E-2  -2.588226137985298  -2.692507063989311E1   8.127741521599815E1  
 1.122018454301964E5    -2.677117873245149E1   8.098120621028791E1  -4.803927549577277E-2  -2.596636454339371  -4.772065749951887E-2  -2.614229891218840  -2.683125545282860E1   8.081390756627177E1  
 1.135010815672316E5    -2.659369747560648E1   8.095101473978581E1  -4.666988233851504E-2  -2.598163161153317  -4.761418623831538E-2  -2.614460788548395  -2.669048683056346E1   8.078855851800384E1  
 1.148153621496884E5    -2.656772531480478E1   8.095813563171885E1  -4.608146092049861E-2  -2.641939021637384  -4.656477486389032E-2  -2.642130389681527  -2.659919108720368E1   8.088151581627264E1  
 1.161448613840344E5    -2.651500212492537E1   8.081127993084880E1  -4.238620628527704E-2  -2.659592376258777  -5.040763789714715E-2  -2.700265442631028  -2.648556740082068E1   8.084678329585877E1  
 1.174897554939531E5    -2.641875100548932E1   8.125236786782205E1  -5.000275018621397E-2  -2.716548944210222  -5.323210077845619E-2  -2.695052883050334  -2.636169829953986E1   8.104578222904834E1  
 1.188502227437020E5    -2.626692881996887E1   8.108395632687417E1  -4.637008231473901E-2  -2.733796386640148  -4.963963641443129E-2  -2.742313317116262  -2.631538666917457E1   8.109956115692810E1  
 1.202264434617414E5    -2.616885620777424E1   8.094422102510431E1  -4.708514031985189E-2  -2.773454002559654  -4.648675641453242E-2  -2.769731895106952  -2.622968796759288E1   8.075351481132287E1  
 1.216186000646369E5    -2.610876239023853E1   8.093311166096338E1  -4.624372523465586E-2  -2.794973199563391  -5.062845773972207E-2  -2.815211905421727  -2.611248644645253E1   8.102092973218237E1  
 1.230268770812383E5    -2.595699493995145E1   8.109241698353954E1  -4.782123137182198E-2  -2.836674436589508  -5.088377995246184E-2  -2.823615523681318  -2.598773803563535E1   8.109187509746766E1  
 1.244514611771387E5    -2.587814627205348E1   8.083508857666377E1  -4.761633456452119E-2  -2.857392353176150  -4.770260145205457E-2  -2.845851350281674  -2.590068026458766E1   8.096087751640809E1  
 1.258925411794169E5    -2.584245413259393E1   8.106696904754317E1  -5.252642905733559E-2  -2.935165057836746  -4.804161332283970E-2  -2.934598281977924  -2.587905487786360E1   8.111882215732793E1  
 1.273503081016664E5    -2.569890678096717E1   8.097729304000040E1  -5.147635766394338E-2  -2.932080363147123  -4.555227900715706E-2  -2.948414894307843  -2.576689391995059E1   8.091608542025519E1  
 1.288249551693136E5    -2.559076121958418E1   8.108383186586924E1  -5.088299402407495E-2  -2.938737740765035  -4.863619120659112E-2  -2.952551766133870  -2.560486092639035E1   8.094028472086568E1  
 1.303166778452301E5    -2.552627564183798E1   8.104215961371173E1  -5.115213078370494E-2  -3.006051934576519  -5.089423415982151E-2  -3.002981933390274  -2.551438975260119E1   8.106797315520453E1  
 1.318256738556409E5    -2.539303922458230E1   8.132606523379209E1  -4.896746007679711E-2  -3.029846418250014  -5.377889883281354E-2  -3.026912478708563  -2.544970215334795E1   8.107292781382198E1  
 1.333521432163326E5    -2.530977838160312E1   8.111496374522052E1  -5.160115458532179E-2  -3.054786025870480  -5.097356678691203E-2  -3.056865877625110  -2.533632599222360E1   8.115989133031971E1  
 1.348962882591656E5    -2.520998567166801E1   8.099366902482483E1  -4.988072973108841E-2  -3.095288478318730  -5.029578452422220E-2  -3.103017772438089  -2.523961107793731E1   8.121415759049741E1  
 1.364583136588927E5    -2.512636685493795E1   8.104300760823391E1  -4.678658005733023E-2  -3.148400523623498  -4.995611854827672E-2  -3.128204776830621  -2.516106509860453E1   8.088127925021240E1  
 1.380384264602888E5    -2.503745509812220E1   8.100150655133508E1  -5.016772284202360E-2  -3.165096188853328  -4.994920459554636E-2  -3.159697982781879  -2.505154124835144E1   8.093791599134124E1  
 1.396368361055940E5    -2.493737371016478E1   8.111020275569277E1  -4.754048413807284E-2  -3.211471802402328  -5.311189168857904E-2  -3.199195640512115  -2.497016032623629E1   8.098138946288654E1  
 1.412537544622757E5    -2.483209669447374E1   8.110598024518779E1  -5.153349953708936E-2  -3.223025262211956  -4.962942899623207E-2  -3.252506485272299  -2.487527570589444E1   8.100301885045059E1  
 1.428893958511106E5    -2.476416160807409E1   8.104542140988956E1  -4.974701205462073E-2  -3.274132999356854  -5.011146631790360E-2  -3.303577320848553  -2.479411004656333E1   8.098625124171636E1  
 1.445439770745930E5    -2.466076071024757E1   8.124068405833488E1  -5.173198526986989E-2  -3.336486874063760  -5.156539239274353E-2  -3.315847503187757  -2.469985632031084E1   8.111991951349893E1  
 1.462177174456721E5    -2.457342719165343E1   8.097479270935574E1  -5.071529636279930E-2  -3.368486516821858  -4.958613844890557E-2  -3.364350588703044  -2.460230050622920E1   8.099585639974622E1  
 1.479108388168211E5    -2.443907505976142E1   8.092045856866697E1  -5.007792576758401E-2  -3.405705629688501  -4.979133978137500E-2  -3.360434492136195  -2.447047985818371E1   8.097473559558517E1  
 1.496235656094437E5    -2.435005589717022E1   8.101788414091698E1  -4.999859478897589E-2  -3.413615441095680  -5.409459932341918E-2  -3.425891256683594  -2.436810738730072E1   8.102623787254403E1  
 1.513561248436212E5    -2.424848383389626E1   8.094144921251248E1  -4.935335988583920E-2  -3.452142873555086  -5.068529442554076E-2  -3.464083788976946  -2.426250772768416E1   8.078822034510998E1  
 1.531087461682034E5    -2.415860228831552E1   8.114056923272966E1  -5.332620781096627E-2  -3.507415561919918  -5.068304427716638E-2  -3.516650609782354  -2.419793303156430E1   8.088979772522615E1  
 1.548816618912485E5    -2.407873683265339E1   8.113966717609499E1  -5.456944845989994E-2  -3.549617117088881  -5.039841582863186E-2  -3.561606164727071  -2.410715344762681E1   8.106415175998876E1  
 1.566751070108153E5    -2.395768448969842E1   8.106519008710792E1  -5.243409549703138E-2  -3.560611337585569  -5.471120114323293E-2  -3.576579579331726  -2.397316655758689E1   8.093751240448366E1  
 1.584893192461117E5    -2.388732768871083E1   8.102704605539934E1  -5.357808438955277E-2  -3.639172068860897  -5.040761728681453E-2  -3.624837886359604  -2.390360293006128E1   8.099084861778353E1  
 1.603245390690045E5    -2.375161699853542E1   8.094039615598680E1  -5.042851363921665E-2  -3.639179950451081  -5.421319727089320E-2  -3.636797863899929  -2.378042529830127E1   8.097405519392366E1  
 1.621810097358934E5    -2.368226878638157E1   8.109858574254409E1  -5.619146093457925E-2  -3.743120368731313  -5.248926276725077E-2  -3.693345416083181  -2.371269550940064E1   8.103701786424909E1  
 1.640589773199543E5    -2.358363133566609E1   8.092453844103714E1  -5.370853982528150E-2  -3.738263611247305  -5.130875929484345E-2  -3.744664752570620  -2.361424989869838E1   8.085006222359721E1  
 1.659586907437565E5    -2.347280130496447E1   8.117363199709787E1  -5.732695277273239E-2  -3.779161156944604  -5.568976244150433E-2  -3.763515011987890  -2.348377311874088E1   8.106746090732405E1  
 1.678804018122565E5    -2.341286154018449E1   8.104684501940591E1  -5.282792028393208E-2  -3.855803296310405  -5.638164621672215E-2  -3.842244893013721  -2.343494949665772E1   8.097398686443398E1  
 1.698243652461749E5    -2.329094912044280E1   8.103165718923755E1  -5.835254921732632E-2  -3.883204383588043  -5.174206149795010E-2  -3.880037302649797  -2.332202984814345E1   8.097034572048848E1  
 1.717908387157593E5    -2.320981529567448E1   8.098534984468570E1  -5.461910833364613E-2  -3.921335226098313  -5.397378838344056E-2  -3.909284624257845  -2.321352650098685E1   8.087340620652917E1  
 1.737800828749380E5    -2.311688590218570E1   8.095121833726290E1  -5.636944021789667E-2  -3.967965600616883  -5.693743247176036E-2  -3.974331938775345  -2.313477819987007E1   8.099125020921366E1  
 1.757923613958698E5    -2.302168051273626E1   8.088110914558192E1  -5.462077095609815E-2  -4.012569631437022  -5.383704146411671E-2  -4.033585955740356  -2.303974038707404E1   8.087532346996837E1  
 1.778279410038928E5    -2.292675525423854E1   8.086119502069676E1  -5.383563038968924E-2  -4.038871023976405  -5.346634488775041E-2  -4.084947646584811  -2.293348019144013E1   8.083160232227544E1  
 1.798870915128793E5    -2.282314554818285E1   8.096013422112316E1  -5.676077488969170E-2  -4.105987401884653  -5.613613153707998E-2  -4.093632585441196  -2.283885516942121E1   8.086644661322453E1  
 1.819700858609989E5    -2.274064962252989E1   8.092643852605931E1  -5.383517398273412E-2  -4.170900761222322  -5.994979870262351E-2  -4.153121643176192  -2.274614016092732E1   8.088128638392860E1  
 1.840772001468962E5    -2.263186024355419E1   8.101496692027581E1  -5.797216045717297E-2  -4.179231844483820  -6.030494177712969E-2  -4.210258570615148  -2.265886766276425E1   8.092878622171496E1  
 1.862087136662873E5    -2.255083884940266E1   8.096070993367349E1  -5.756120392849331E-2  -4.245329930260900  -6.072202473594310E-2  -4.268081893057435  -2.255836406783141E1   8.093943712126732E1  
 1.883649089489807E5    -2.242156907929755E1   8.082007259975657E1  -5.654732633583005E-2  -4.277690925672166  -5.645156079144486E-2  -4.277718215397594  -2.244001535852192E1   8.083582690238150E1  
 1.905460717963254E5    -2.233411116933801E1   8.091028680054217E1  -6.232769558194951E-2  -4.336394200377882  -5.927323988603658E-2  -4.341048240470750  -2.235281229387383E1   8.088551618353263E1  
 1.927524913190943E5    -2.222790655079182E1   8.079026419438664E1  -6.134919353801497E-2  -4.378047520925930  -5.924071253889651E-2  -4.381584885448678  -2.224712369205288E1   8.086721773063438E1  
 1.949844599758052E5    -2.214043493404230E1   8.076558818564254E1  -5.721543276001369E-2  -4.432494699931653  -5.774016709455991E-2  -4.429562248153263  -2.215747645460637E1   8.064785271566643E1  
 1.972422736114861E5    -2.203061454474270E1   8.094176530466154E1  -6.205562843259429E-2  -4.483434980360627  -6.105516042542768E-2  -4.500119861394968  -2.205931425714859E1   8.079775328536749E1  
 1.995262314968887E5    -2.195790716923684E1   8.089716162027131E1  -6.370432187514641E-2  -4.563015553258369  -6.040594811916327E-2  -4.555538922167881  -2.197813988982035E1   8.086303197750165E1  
 2.018366363681569E5    -2.186922791116589E1   8.029475771228135E1  -6.131158066808971E-2  -4.592067287529524  -4.945988489114085E-2  -4.575179493887426  -2.190348891434530E1   8.081140802823364E1  
 2.041737944669537E5    -2.177167480553107E1   8.065506065094532E1  -4.699832424037391E-2  -4.662969537209836  -7.699141355282704E-2  -4.654270686099493  -2.179179869487381E1   8.050895222830140E1  
 2.065380155810537E5    -2.167108190260577E1   8.104650420636455E1  -9.192659320866380E-2  -4.698991048223893  -5.672846325612214E-2  -4.712803057759809  -2.167789726483497E1   8.085716635207538E1  
 2.089296130854047E5    -2.161488822349185E1   8.035028387830528E1  -7.351739365448147E-2  -4.781238667848833  -3.771947101098973E-2  -4.755580491430732  -2.160165064576502E1   8.055006992879977E1  
 2.113489039836655E5    -2.147361394509016E1   8.135663206990346E1  -7.065070977258767E-2  -4.793687731895815  -8.794484153733384E-2  -4.825189424207218  -2.146908022288496E1   8.100339487477915E1  
 2.137962089502240E5    -2.141136653100180E1   8.063385746005510E1  -5.444537320522407E-2  -4.882166749446532  -6.459280230034999E-2  -4.900295751858131  -2.140620186556513E1   8.062459837254258E1  
 2.162718523727029E5    -2.129088342649083E1   8.081592981733645E1  -7.659480008532291E-2  -4.915638175675969  -7.089386770583675E-2  -4.942497240233126  -2.129336017162083E1   8.081643277067643E1  
 2.187761623949561E5    -2.122785122172007E1   8.057045086170912E1  -7.072034021065680E-2  -4.991932135785404  -5.501725460910953E-2  -4.994093469965955  -2.121569948793523E1   8.056177920886395E1  
 2.213094709605647E5    -2.106645823833701E1   8.115723950679876E1  -7.200796423102257E-2  -5.003254515325752  -8.944101079159680E-2  -5.010696239900339  -2.109364314062848E1   8.087048053574148E1  
 2.238721138568349E5    -2.098258186404812E1   8.078459787710882E1  -8.611407879359663E-2  -5.091616025789941  -6.478820830919432E-2  -5.061740160021189  -2.100783952225871E1   8.108738442509392E1  
 2.264644307593069E5    -2.092809002959668E1   8.050756241493012E1  -5.388045823591787E-2  -5.198031668764287  -6.750567201554293E-2  -5.130307247954627  -2.094530186494444E1   8.034194287424162E1  
 2.290867652767783E5    -2.082363724621136E1   8.013325440686515E1  -7.560516857683094E-2  -5.201632206450912  -3.546734489276367E-2  -5.211123645393494  -2.081935078180662E1   8.023087674940034E1  
 2.317394649968489E5    -2.068926277921567E1   8.080021666706153E1  -8.587971631001515E-2  -5.268400956055055  -7.676109532912123E-2  -5.251487072476937  -2.071678242819335E1   8.064167057584594E1  
 2.344228815319933E5    -2.061754389044607E1   8.041654741644814E1  -1.000247638972774E-1  -5.349913418699103  -4.705179401668999E-2  -5.324160408830636  -2.063578732650314E1   8.071111544295238E1  
 2.371373705661666E5    -2.050401040285227E1   8.022507909990075E1  -8.514933898549694E-2  -5.365904591303978  -5.189241832744651E-2  -5.368227294122899  -2.052815649749951E1   8.047859201728251E1  
 2.398832919019501E5    -2.043004508730700E1   8.031248216707220E1  -5.523746758903576E-2  -5.466891149390652  -7.627714143289990E-2  -5.469602000378961  -2.044720589232739E1   8.030664723705122E1  
 2.426610095082427E5    -2.031379415845484E1   8.038838848335368E1  -8.682514086264323E-2  -5.523953154540089  -5.847356105538662E-2  -5.500663190217931  -2.034684894829835E1   8.054152391915055E1  
 2.454708915685042E5    -2.023003207488200E1   8.007420745553002E1  -6.398280534278916E-2  -5.587355603710700  -6.981183076449193E-2  -5.565496933338414  -2.025721315882247E1   8.023336878596842E1  
 2.483133105295582E5    -2.011971200138313E1   8.020828793502353E1  -7.865002304562078E-2  -5.653293180089164  -6.589198196983814E-2  -5.622833483670743  -2.015636868551922E1   8.028810248845642E1  
 2.511886431509592E5    -2.002028041288008E1   8.032067921662849E1  -7.825264726851551E-2  -5.698587890027718  -6.912724889101143E-2  -5.682753530215214  -2.005896944807947E1   8.022980120285695E1  
 2.540972705549318E5    -1.993641065811734E1   8.038039738059469E1  -4.843263110635717E-2  -5.778503697348296  -1.013055377312826E-1  -5.773735743620600  -1.996781793389931E1   8.003063751715548E1  
 2.570395782768877E5    -1.985422426016836E1   8.025736053821181E1  -7.837904394823142E-2  -5.826897560553206  -7.968728843316013E-2  -5.847084420530069  -1.985364735543310E1   8.016032569621818E1  
 2.600159563165285E5    -1.975312244422010E1   8.012537777166546E1  -6.484983327337984E-2  -5.881298099223792  -8.012904947640095E-2  -5.900088000446428  -1.976743071041984E1   8.002207903542710E1  
 2.630267991895395E5    -1.964871598256891E1   8.004242025046617E1  -6.525002949689232E-2  -5.978307512671574  -7.424966813670406E-2  -5.971581985437967  -1.968415706595282E1   7.988460732659733E1  
 2.660725059798823E5    -1.956126728769619E1   8.006535268078054E1  -9.155970386228605E-2  -6.040106356750776  -6.825083177794504E-2  -6.041183884788460  -1.956889094322208E1   8.011069700612464E1  
 2.691534803926930E5    -1.944512273532981E1   8.016532131375702E1  -8.764884547438911E-2  -6.067712111442141  -7.904124080567419E-2  -6.092625574246692  -1.944886409593936E1   8.005488844759505E1  
 2.722701308077927E5    -1.937592705543583E1   7.988337863570584E1  -5.525055443491461E-2  -6.160173883451601  -8.867083439160622E-2  -6.192342202107935  -1.938256997566698E1   7.958402164675141E1  
 2.754228703338181E5    -1.929500188714156E1   7.957492872226956E1  -8.010151226708649E-2  -6.254647554307015  -6.251320033925858E-2  -6.264095796558828  -1.928004575356686E1   7.975429159094259E1  
 2.786121168629785E5    -1.915500382253543E1   8.018962740232115E1  -1.033351191541909E-1  -6.309489952113315  -8.549771309392946E-2  -6.336331574468638  -1.917402262479202E1   8.006743524911957E1  
 2.818382931264469E5    -1.908436683444239E1   7.970610506991876E1  -1.031266613216500E-1  -6.379335258633748  -5.789720326666011E-2  -6.398403110384797  -1.908864949652701E1   7.984548631732264E1  
 2.851018267503925E5    -1.898157494059029E1   7.956347835529728E1  -8.151249281312943E-2  -6.468283421092043  -6.896012530405768E-2  -6.460515837254220  -1.899635972643316E1   7.964157127614443E1  
 2.884031503126622E5    -1.887778282560729E1   7.990590147092236E1  -1.010748480475426E-1  -6.558528524119134  -8.437994062765897E-2  -6.546709548802210  -1.888946157560219E1   7.978380356413116E1  
 2.917427014001183E5    -1.878893082303871E1   7.952736798198690E1  -1.045853934973796E-1  -6.607268438810825  -6.333118389456884E-2  -6.613920863010921  -1.879557718378343E1   7.972734708469983E1  
 2.951209226666402E5    -1.868873867803902E1   7.975231896451722E1  -8.392019711003719E-2  -6.652158720948726  -8.623524371269445E-2  -6.673042024274611  -1.869806134371674E1   7.950118454546323E1  
 2.985382618917977E5    -1.859660055744946E1   7.969215390227204E1  -8.933008155582782E-2  -6.778325841352048  -9.741713819792225E-2  -6.782304003353448  -1.860598706254703E1   7.964192062157480E1  
 3.019951720402034E5    -1.851342431902752E1   7.985378193847211E1  -1.045506040625822E-1  -6.822583119335832  -1.098349363216281E-1  -6.871864205193721  -1.852284239024418E1   7.971376558342189E1  
 3.054921113215531E5    -1.842877744053543E1   7.965450804106784E1  -1.018055427831297E-1  -6.929967795606874  -1.043095650116501E-1  -6.943534133255611  -1.843284696358949E1   7.961989738293499E1  
 3.090295432513609E5    -1.832800384225358E1   7.942481163191906E1  -8.733571354982865E-2  -6.991087445691678  -9.954467975306573E-2  -7.048357588103516  -1.835285678555228E1   7.926082448577787E1  
 3.126079367123974E5    -1.820530120075276E1   7.950177332174712E1  -9.866616864394999E-2  -7.090076168158658  -1.004312616296210E-1  -7.103938207646753  -1.823951624795294E1   7.944885666047796E1  
 3.162277660168399E5    -1.814333257950121E1   7.922135409481874E1  -8.999413844330334E-2  -7.180844739034646  -8.754114610453245E-2  -7.175814929981279  -1.814745125456144E1   7.912454954601164E1  
 3.198895109691418E5    -1.804545803910790E1   7.932144872291454E1  -9.436944753632347E-2  -7.211876405676211  -9.829353476504280E-2  -7.246836968586850  -1.804506923782371E1   7.921517992663247E1  
 3.235936569296303E5    -1.795897205551082E1   7.933497372037830E1  -9.223683620072806E-2  -7.336566494539683  -1.052114883892780E-1  -7.386282247875139  -1.796724127933123E1   7.907436854179018E1  
 3.273406948788403E5    -1.784540174233197E1   7.899274389865666E1  -9.302288981569902E-2  -7.421618358016022  -9.126401945420945E-2  -7.392728435865376  -1.784858053751099E1   7.895293561424414E1  
 3.311311214825932E5    -1.775468389340059E1   7.908723524377810E1  -9.354693614892622E-2  -7.508237863644017  -1.041832179940193E-1  -7.536051228583053  -1.776069870746042E1   7.897045890833915E1  
 3.349654391578299E5    -1.762442272404236E1   7.902945214282806E1  -9.469338924029895E-2  -7.616889759604621  -1.064640288515550E-1  -7.619066694396661  -1.768238484811876E1   7.884541770575832E1  
 3.388441561392048E5    -1.757040431116743E1   7.885168619329402E1  -9.912802680884911E-2  -7.662826056458819  -9.616134045724291E-2  -7.696443893267004  -1.757669568517801E1   7.877607011479066E1  
 3.427677865464527E5    -1.747713732033854E1   7.880322582922247E1  -9.639019751166991E-2  -7.787197023746596  -1.036749234231544E-1  -7.781877205193251  -1.747146455537927E1   7.876120654766275E1  
 3.467368504525340E5    -1.737293175464740E1   7.876844244769518E1  -1.017867607556331E-1  -7.841523196690209  -9.756325065609771E-2  -7.875987052528008  -1.737922392406880E1   7.859008917114190E1  
 3.507518739525704E5    -1.725579419862781E1   7.862408042679327E1  -1.083326921972206E-1  -7.921916067238206  -9.883718920881747E-2  -7.925932398673594  -1.726429063253970E1   7.853337078457632E1  
 3.548133892335779E5    -1.714834139663086E1   7.858457857315166E1  -1.039632131871641E-1  -8.047603051702339  -1.077818522560186E-1  -8.030301972401862  -1.719371540855962E1   7.854726184899214E1  
 3.589219346450077E5    -1.709448639494240E1   7.845518584087552E1  -9.890060129621799E-2  -8.090025851491363  -1.027758025744057E-1  -8.130321858800373  -1.708525756131602E1   7.831304912905334E1  
 3.630780547701039E5    -1.698526138502818E1   7.846764844867671E1  -1.087460499806630E-1  -8.238407962822548  -1.089373632917205E-1  -8.209074047025633  -1.699484556962631E1   7.842411604676082E1  
 3.672823004980873E5    -1.690542083827806E1   7.845978376939624E1  -1.067838029186311E-1  -8.315393502198539  -1.142358901164706E-1  -8.343734378660679  -1.691195255753887E1   7.827264149520258E1  
 3.715352290971752E5    -1.680875215285909E1   7.843312803600973E1  -1.183818159862596E-1  -8.382230824710980  -1.153859770321785E-1  -8.442702428920759  -1.679624872710532E1   7.825877195747327E1  
 3.758374042884469E5    -1.669913213267892E1   7.830881467690659E1  -1.243098703180864E-1  -8.514458663611027  -1.110771627422596E-1  -8.534068794526037  -1.670624265632702E1   7.821334114734512E1  
 3.801893963205640E5    -1.660388954657533E1   7.816572511959748E1  -1.171315162185600E-1  -8.645995905486112  -1.118171063065784E-1  -8.646584876808296  -1.663853839280825E1   7.806820471760339E1  
 3.845917820453564E5    -1.651273468785952E1   7.809956695708122E1  -1.168636664968201E-1  -8.700450509565245  -1.232871606038044E-1  -8.740787575980798  -1.653513634038604E1   7.800049409706917E1  
 3.890451449942835E5    -1.640754216396658E1   7.796599168766701E1  -1.224638752268962E-1  -8.771447783187364  -1.144866526619136E-1  -8.789509634833708  -1.641325992779259E1   7.783693696637890E1  
 3.935500754557804E5    -1.634409368584196E1   7.795600126666658E1  -1.271314419109296E-1  -8.903242060551349  -1.199687528515636E-1  -8.937624341273981  -1.633964417681876E1   7.781707930158954E1  
 3.981071705535003E5    -1.624687545234498E1   7.784471894758903E1  -1.266280744104575E-1  -8.982774557665479  -1.186916678309983E-1  -9.065041068163160  -1.622850901763411E1   7.762699522363204E1  
 4.027170343254622E5    -1.613455272902024E1   7.787045718592965E1  -1.340236308382904E-1  -9.092345003980400  -1.276990521224916E-1  -9.152039436441330  -1.614096859298295E1   7.774871747924942E1  
 4.073802778041159E5    -1.601857739259004E1   7.777992617074602E1  -1.270322648186996E-1  -9.207440491414383  -1.288656610014704E-1  -9.221865908644700  -1.604125540582100E1   7.746390357403192E1  
 4.120975190973334E5    -1.592789252852616E1   7.762578594687285E1  -1.332969071470144E-1  -9.302899812109335  -1.333485329197725E-1  -9.308255851799148  -1.593582694914129E1   7.747110134661889E1  
 4.168693834703387E5    -1.584573827832647E1   7.759460696119687E1  -1.373755153260237E-1  -9.379703667895910  -1.353102496148492E-1  -9.444311835648495  -1.584271490358693E1   7.745831272815826E1  
 4.216965034285857E5    -1.575354086532991E1   7.742457696847374E1  -1.341219028100559E-1  -9.534659877785398  -1.365242693916581E-1  -9.576319268241388  -1.577746991522057E1   7.731374226527535E1  
 4.265795188015961E5    -1.564287535312709E1   7.736387464319961E1  -1.446470953471721E-1  -9.653094329171847  -1.368922203406943E-1  -9.665458912323960  -1.565637481322150E1   7.727452099284024E1  
 4.315190768277688E5    -1.555285543987665E1   7.719819475808632E1  -1.423050924003566E-1  -9.758919706872366  -1.390754108597026E-1  -9.739874538550840  -1.557566943847226E1   7.718689923409066E1  
 4.365158322401696E5    -1.544072980439617E1   7.706776964955712E1  -1.406581345467064E-1  -9.878504043639472  -1.423513783513687E-1  -9.829952836096005  -1.548272524839933E1   7.701369370417218E1  
