 1.000000000000000E5    -3.327805350645849     1.402414261438668E2  -4.120087601937440  -1.400513691584989E2  -4.128831722882472  -1.401119770047160E2  -3.356587936399233     1.403151013981600E2  
 1.248750000000000E5    -4.307822771408082     1.359860599647516E2  -3.363191379188742  -1.460775125244567E2  -3.389567214047453  -1.461182974515629E2  -4.337143491737488     1.360739054119126E2  
 1.497500000000000E5    -5.210791394143941     1.329212131725195E2  -2.912561855522406  -1.508098215682378E2  -2.937057571081586  -1.508578850913267E2  -5.234857254163623     1.330369770735447E2  
 1.746250000000000E5    -5.991181427568818     1.306060590435585E2  -2.597579730575757  -1.545916143690957E2  -2.614445825497340  -1.546166064756943E2  -6.011641517981071     1.307580332471902E2  
 1.995000000000000E5    -6.680865263265520     1.289174487916191E2  -2.383258376151381  -1.576769287916447E2  -2.391250119780992  -1.576969349874659E2  -6.690338317351445     1.290800442955236E2  
 2.243750000000000E5    -7.305997851283341     1.276808362487957E2  -2.257192633461598  -1.602256536855023E2  -2.239867247928125  -1.602530986455499E2  -7.308623298064466     1.279212750652955E2  
 2.492500000000000E5    -7.799270102780458     1.266469554784180E2  -2.116579810608020  -1.623837079830878E2  -2.119706307680481  -1.623347655507848E2  -7.818544901008172     1.268937551072313E2  
 2.741250000000000E5    -8.260129211736421     1.258497642798332E2  -2.032043804510430  -1.642204899042597E2  -2.029426909413904  -1.642227346148199E2  -8.257182598740773     1.260677028478289E2  
 2.990000000000000E5    -8.635727988592945     1.251683486995708E2  -1.948693691002644  -1.658362711951820E2  -1.964711805248259  -1.658214678382887E2  -8.657789384420854     1.253457851553187E2  
 3.238750000000000E5    -9.003434277558812     1.245710250872567E2  -1.908733408744258  -1.672499802934230E2  -1.895153895819698  -1.672589926992909E2  -8.972702204758825     1.247934521131016E2  
 3.487500000000000E5    -9.290372908821393     1.240103904276825E2  -1.881269531201594  -1.685166301115404E2  -1.866332295022824  -1.685184212997893E2  -9.284813982006213     1.242726692215750E2  
 3.736250000000000E5    -9.532862573513107     1.233994973275628E2  -1.821380118779628  -1.696154250805849E2  -1.814286246043886  -1.696271402899709E2  -9.528768598589815     1.235968438198005E2  
 3.985000000000000E5    -9.762690974545821     1.228558586143815E2  -1.792296746942469  -1.706304349595672E2  -1.779915941673623  -1.706565434447258E2  -9.734396795557837     1.230839811583836E2  
 4.233750000000000E5    -9.943747989056467     1.223164467492682E2  -1.772566060953130  -1.715862281869069E2  -1.746777642989722  -1.715729003633635E2  -9.921689115274198     1.225744726013778E2  
 4.482500000000000E5    -1.009274385510608E1   1.217604156716459E2  -1.730181145896671  -1.724479723870325E2  -1.734841972539819  -1.724407386947239E2  -1.008639852297578E1   1.219788091986261E2  
 4.731250000000000E5    -1.023709688598895E1   1.211787993865602E2  -1.730069744990269  -1.732447906436961E2  -1.722584743761562  -1.732133915060653E2  -1.022916568674078E1   1.214191109458846E2  
 4.980000000000000E5    -1.035947609760056E1   1.205145482869520E2  -1.692160172468486  -1.740133298907213E2  -1.676136381831448  -1.739944888666030E2  -1.035352876932133E1   1.207334758723864E2  
 5.228750000000000E5    -1.045644038022507E1   1.199332674743334E2  -1.680809501435636  -1.746818980346317E2  -1.671194166278028  -1.746887233996127E2  -1.045729767736527E1   1.201380490674136E2  
 5.477500000000000E5    -1.054894289594519E1   1.193042878211744E2  -1.666263627880736  -1.753606640654076E2  -1.652370883389331  -1.753595840713970E2  -1.053300757506669E1   1.195518564987609E2  
 5.726250000000000E5    -1.062081567732546E1   1.186708903485987E2  -1.646514931505208  -1.759898460599341E2  -1.638458862570917  -1.759931760043177E2  -1.061755804354386E1   1.188812109889381E2  
 5.975000000000000E5    -1.070352513073637E1   1.180282428321643E2  -1.629418889535787  -1.765911662056700E2  -1.613403162944643  -1.766155313230957E2  -1.068029631670775E1   1.181600531569718E2  
 6.223750000000000E5    -1.074261992616720E1   1.173236404865746E2  -1.613111976047427  -1.771828721360074E2  -1.602084246415233  -1.771763315390873E2  -1.073510661354716E1   1.175459139596072E2  
 6.472500000000000E5    -1.078715119243324E1   1.166746017704262E2  -1.598795656563149  -1.777208049508290E2  -1.591914024432805  -1.777563761270757E2  -1.078073997771186E1   1.168479570414685E2  
 6.721250000000000E5    -1.081817650790867E1   1.159658352499329E2  -1.595963234745101  -1.782610040970486E2  -1.567752474122076  -1.782827432795237E2  -1.081024652656356E1   1.161519320756298E2  
 6.970000000000000E5    -1.085404556806055E1   1.153065651655525E2  -1.594387079236430  -1.787755130777139E2  -1.565327981536554  -1.787867501545204E2  -1.083461078081742E1   1.154844249926279E2  
 7.218750000000000E5    -1.086076970430150E1   1.146396178173669E2  -1.577406168429695  -1.792796734619192E2  -1.567359864637415  -1.793021812518278E2  -1.086777046473373E1   1.148206315819692E2  
 7.467500000000000E5    -1.089476794087390E1   1.138958025063180E2  -1.569612959786498  -1.797700115569840E2  -1.545301998378150  -1.797799314472406E2  -1.087810847888002E1   1.140541708074350E2  
 7.716250000000000E5    -1.090326588975596E1   1.132396283174559E2  -1.570214225384857   1.797697009605306E2  -1.539708887811409   1.797259974111583E2  -1.088147276119176E1   1.134268157419588E2  
 7.965000000000000E5    -1.090604878272327E1   1.125447697076595E2  -1.556296548062392   1.793249501308089E2  -1.542508910378140   1.792617542334159E2  -1.088819152529130E1   1.127154689463638E2  
 8.213750000000000E5    -1.089886277395211E1   1.118097698843845E2  -1.539287954261983   1.788612728634745E2  -1.522717950955547   1.788183825395766E2  -1.088973411053303E1   1.119763055489083E2  
 8.462500000000000E5    -1.089450751096743E1   1.111392614908974E2  -1.550106086753796   1.784104162933680E2  -1.519411349873263   1.783832506990344E2  -1.088698724699617E1   1.113217248111826E2  
 8.711250000000000E5    -1.088204683143789E1   1.104164575634813E2  -1.534538015783078   1.780021320267881E2  -1.520052103030026   1.779548940648452E2  -1.087361358862145E1   1.106082721810410E2  
 8.960000000000000E5    -1.086761836730178E1   1.097580065262558E2  -1.538663569867449   1.775532401268903E2  -1.516279104201349   1.775155224619640E2  -1.086961135433416E1   1.099514674887735E2  
 9.208750000000000E5    -1.085539255376400E1   1.090587830965173E2  -1.534144301415523   1.771616097397809E2  -1.516402531754542   1.771197893833226E2  -1.084764526104600E1   1.092557050015752E2  
 9.457500000000000E5    -1.083586410561327E1   1.083862641966981E2  -1.534359588715079   1.767363163877843E2  -1.505128332431392   1.767004049394057E2  -1.082282918229749E1   1.086234672266840E2  
 9.706250000000000E5    -1.082032302775485E1   1.077447009589181E2  -1.536805921114349   1.763457604929090E2  -1.510231497359060   1.762691592635404E2  -1.081131282720064E1   1.079316026798470E2  
 9.955000000000000E5    -1.078751326374776E1   1.070563019511454E2  -1.523282093665679   1.759596254123229E2  -1.506758594329528   1.758942166216378E2  -1.078841920465240E1   1.072319751512956E2  
 1.020375000000000E6    -1.075961761196820E1   1.063929075141802E2  -1.529222454202759   1.755566734821799E2  -1.510885921823771   1.755079360568327E2  -1.076552310322883E1   1.066191056322622E2  
 1.045250000000000E6    -1.073364693554867E1   1.057566138062151E2  -1.530156512690431   1.751707354608311E2  -1.509905418034935   1.751039270775323E2  -1.073223797808183E1   1.059731423759861E2  
 1.070125000000000E6    -1.069736323213935E1   1.051117344908678E2  -1.524377197012726   1.747984087904345E2  -1.510800813869474   1.747419116969802E2  -1.070454598211347E1   1.053149843405950E2  
 1.095000000000000E6    -1.067252515399044E1   1.044845645043594E2  -1.535581990747103   1.744313444050556E2  -1.502984970666081   1.743544964018499E2  -1.067577084734077E1   1.046562331314679E2  
 1.119875000000000E6    -1.063676009693295E1   1.038151885325964E2  -1.531897874261601   1.740581415554818E2  -1.508569381877945   1.739874597741008E2  -1.063038473349039E1   1.040726740686555E2  
 1.144750000000000E6    -1.059591557527692E1   1.031887803926266E2  -1.528820756436501   1.736925886596409E2  -1.514465876493548   1.735998916248420E2  -1.060812190289929E1   1.033987536331891E2  
 1.169625000000000E6    -1.055714575987391E1   1.025637795009450E2  -1.537669715813918   1.733378374014476E2  -1.512075515955995   1.732565718838272E2  -1.055517876488351E1   1.028184481525445E2  
 1.194500000000000E6    -1.051682674290699E1   1.019296093870404E2  -1.530448877975932   1.729791620231703E2  -1.513671296241581   1.729056773837964E2  -1.053393078266891E1   1.022029335320813E2  
 1.219375000000000E6    -1.047671667141382E1   1.013515800776631E2  -1.538865564569930   1.726335065768264E2  -1.516452914607036   1.725434371135533E2  -1.048937275767777E1   1.016052717879469E2  
 1.244250000000000E6    -1.044426183727628E1   1.007224006908421E2  -1.542618274898415   1.722793837509081E2  -1.522528907055657   1.721987139211409E2  -1.044018480713488E1   1.009789824657475E2  
 1.269125000000000E6    -1.040352698699225E1   1.001349207590187E2  -1.541095840073183   1.719160121660772E2  -1.532452992318326   1.718528009833345E2  -1.040611690673741E1   1.004428037661136E2  
 1.294000000000000E6    -1.035647992621211E1   9.953504484463940E1  -1.552018133707825   1.715992510106601E2  -1.533356903416780   1.715320502165315E2  -1.036160324142974E1   9.987609706427423E1  
 1.318875000000000E6    -1.031453908956016E1   9.895508600175711E1  -1.563288961389327   1.712466623747005E2  -1.531750893058935   1.712048413172623E2  -1.030160927285513E1   9.928452329247621E1  
 1.343750000000000E6    -1.026452340088371E1   9.843675192228817E1  -1.559568539217179   1.709424703283546E2  -1.541021661666126   1.708491799661875E2  -1.026394413842058E1   9.870677488013277E1  
 1.368625000000000E6    -1.021750268124773E1   9.785482731461670E1  -1.562942791274789   1.706144555797841E2  -1.548364486483803   1.705093679275877E2  -1.022163456437546E1   9.817928888043271E1  
 1.393500000000000E6    -1.017738609749375E1   9.729084994584869E1  -1.571306498219882   1.702629752918257E2  -1.551388747517297   1.701814745179427E2  -1.017190141902704E1   9.760129738688453E1  
 1.418375000000000E6    -1.012307024257502E1   9.673995884988737E1  -1.570859335737672   1.699646223658824E2  -1.557271889839186   1.698734175373063E2  -1.012644297550818E1   9.706714111126014E1  
 1.443250000000000E6    -1.007326276830974E1   9.620459283634179E1  -1.584945685171959   1.696434112015292E2  -1.567590536212538   1.695514120034061E2  -1.007765380474750E1   9.652324944687068E1  
 1.468125000000000E6    -1.002043460440339E1   9.563227265675458E1  -1.591659070209919   1.693117603613420E2  -1.568336149559689   1.692235888996847E2  -1.003082626987585E1   9.599660121968084E1  
 1.493000000000000E6    -9.966094765625993     9.510682335915143E1  -1.593820095765614   1.690248743216752E2  -1.582112902427431   1.689136631195176E2  -9.976899496631958     9.548339137355852E1  
 1.517875000000000E6    -9.923525508638702     9.459607783648447E1  -1.610766383902585   1.686984032298158E2  -1.584796008363220   1.686148337263873E2  -9.922121851361672     9.496847850251693E1  