 1.567175000000000E7    -2.074935864688511   1.257650021006638E1  -1.007967859100578E1   1.028599494095617E2  -1.000785022896606E1   1.023806110946413E2  -1.972315615913634   1.194971618117687E1  
 1.569662500000000E7    -2.077396228258119   1.257135627614827E1  -1.009260760622065E1   1.027806976126781E2  -1.002353422563572E1   1.023125841542359E2  -1.975375177726152   1.201953439548392E1  
 1.572150000000000E7    -2.076959293653075   1.257200437503019E1  -1.009403902514996E1   1.027902160893585E2  -1.001725416815802E1   1.022712555850214E2  -1.964160424051128   1.189363070672601E1  
 1.574637500000000E7    -2.062956769040737   1.250076862558965E1  -1.009829517190990E1   1.027307880482431E2  -1.003601668807574E1   1.022953051926207E2  -1.968013115481770   1.185532999548518E1  
 1.577125000000000E7    -2.070975438648127   1.251881900374693E1  -1.010788546940016E1   1.027192505772965E2  -1.004788297529543E1   1.022290068660681E2  -1.965129695382888   1.183040264542894E1  
 1.579612500000000E7    -2.071268684175178   1.242257162593583E1  -1.012134328140513E1   1.026579088772262E2  -1.005047817096396E1   1.021995901451323E2  -1.966261660689562   1.177339350006331E1  
 1.582100000000000E7    -2.065367140797714   1.241411882373466E1  -1.013357089167078E1   1.025694180761011E2  -1.005677307585784E1   1.021004520129901E2  -1.957169487684782   1.171236568568461E1  
 1.584587500000000E7    -2.066904377206809   1.239459600182293E1  -1.014587742480541E1   1.025313504273289E2  -1.006737224790596E1   1.020892245097426E2  -1.964384150687299   1.164469959961465E1  
 1.587075000000000E7    -2.062526463534409   1.225048294025348E1  -1.016066414264989E1   1.025114093667030E2  -1.008052562088757E1   1.020291774956239E2  -1.960055348173107   1.159998868083256E1  
 1.589562500000000E7    -2.063080056526325   1.226845008085977E1  -1.016834845794967E1   1.024515099415311E2  -1.009200596650133E1   1.020080254154739E2  -1.964967929046509   1.161530548342046E1  
 1.592050000000000E7    -2.055823791357517   1.222993848861185E1  -1.017510217062431E1   1.024281660274529E2  -1.010455201796177E1   1.018923558261400E2  -1.967419150304930   1.148644255106774E1  
 1.594537500000000E7    -2.065293340173297   1.217344093063955E1  -1.020087150539964E1   1.024554975581373E2  -1.012344335830157E1   1.018829640182461E2  -1.959420049203176   1.153807115429990E1  
 1.597025000000000E7    -2.056558784577885   1.206848613335249E1  -1.020784092427878E1   1.023462972135368E2  -1.013270372044389E1   1.018503237430180E2  -1.959371896180321   1.138859006125056E1  
 1.599512500000000E7    -2.049038529473687   1.198581600826228E1  -1.021040483437335E1   1.023130089993788E2  -1.015033601968695E1   1.017551539686863E2  -1.948225650002198   1.132565609864260E1  
 1.602000000000000E7    -2.052119270063735   1.193660878163743E1  -1.023357920521077E1   1.022915552529124E2  -1.016243040933666E1   1.017547822832278E2  -1.958061946526958   1.132324125372781E1  
 1.604487500000000E7    -2.045544433188984   1.193406351202702E1  -1.024081491922891E1   1.022749328985734E2  -1.017412455956734E1   1.018124089440668E2  -1.932857552694872   1.137243364103566E1  
 1.606975000000000E7    -2.053008341689205   1.180449393123265E1  -1.025427119814006E1   1.022321436414959E2  -1.018607338406772E1   1.017521184096138E2  -1.950661140306722   1.129567763439521E1  
 1.609462500000000E7    -2.043403852983826   1.179136032634257E1  -1.026187521939221E1   1.021757396092536E2  -1.018336024565556E1   1.016795392031620E2  -1.937732819725445   1.119876466343115E1  
 1.611950000000000E7    -2.046747011074841   1.172917590560155E1  -1.027208029198476E1   1.021127232160924E2  -1.020875019003047E1   1.016438649694381E2  -1.941088743632026   1.115207115147776E1  
 1.614437500000000E7    -2.050553380158406   1.173670050855966E1  -1.029281593124193E1   1.021004561853380E2  -1.021157004303037E1   1.016001895452321E2  -1.941347449090731   1.117351006865898E1  
 1.616925000000000E7    -2.048681567849363   1.169494319875208E1  -1.030018810945487E1   1.020685941821671E2  -1.022190541313455E1   1.015473101392926E2  -1.950577772805555   1.111970394121446E1  
 1.619412500000000E7    -2.054655805306714   1.162591461462793E1  -1.030796523304428E1   1.019675926368794E2  -1.023734471334318E1   1.015575334248116E2  -1.939187371855968   1.105895465482327E1  
 1.621900000000000E7    -2.051863809198775   1.157722735192098E1  -1.031631750357321E1   1.019277417488678E2  -1.023885466354458E1   1.015360908530726E2  -1.950350712411415   1.106971573871485E1  
 1.624387500000000E7    -2.054384076675207   1.148943926293694E1  -1.033138622800742E1   1.018789331112588E2  -1.024864398128803E1   1.014515141220040E2  -1.948029571371851   1.094631498379684E1  
 1.626875000000000E7    -2.051395880767531   1.140161940714852E1  -1.034933128662670E1   1.018395665787003E2  -1.026468254550292E1   1.014375749713531E2  -1.945411180773726   1.099629807199024E1  
 1.629362500000000E7    -2.040126954081361   1.140879393192909E1  -1.034675569331297E1   1.018250822569923E2  -1.027656040862808E1   1.013255793919516E2  -1.944950135758836   1.093220920663151E1  
 1.631850000000000E7    -2.042588131387741   1.132206353034498E1  -1.035958676061707E1   1.018189090677035E2  -1.027806360353483E1   1.013532834593131E2  -1.932958424148769   1.083798205639963E1  
 1.634337500000000E7    -2.034543220453133   1.135609980777497E1  -1.037015982011912E1   1.017652703004910E2  -1.029093712351052E1   1.011980224364424E2  -1.944295246301142   1.076362643019568E1  
 1.636825000000000E7    -2.038033139381087   1.132100582442737E1  -1.037815391012823E1   1.017239718954157E2  -1.030248986748515E1   1.012185481477571E2  -1.933742104280327   1.073481846036549E1  
 1.639312500000000E7    -2.024756925349701   1.127684119128411E1  -1.039664071944705E1   1.016993822100505E2  -1.032154020009043E1   1.012227206462783E2  -1.937493595769819   1.076431336249160E1  
 1.641800000000000E7    -2.024775379595633   1.124629173098673E1  -1.040028119376950E1   1.016546650272567E2  -1.032236853639498E1   1.010805573387326E2  -1.932329610966501   1.066104305317474E1  
 1.644287500000000E7    -2.030474204141134   1.113648931704908E1  -1.041593710643596E1   1.016498829603231E2  -1.034313083547332E1   1.010191190776928E2  -1.945146921478409   1.051280872248542E1  
 1.646775000000000E7    -2.027919031027282   1.117110821520805E1  -1.042709140912383E1   1.016396988603005E2  -1.034321192513877E1   1.011146233768560E2  -1.920934416489844   1.059079169537086E1  
 1.649262500000000E7    -2.032709489414942   1.116643972740356E1  -1.043689899278351E1   1.015287849161281E2  -1.035394651585198E1   1.009383197724283E2  -1.933244243299840   1.052577102408850E1  
 1.651750000000000E7    -2.024503518311753   1.101574470255248E1  -1.044336638030548E1   1.014837810645533E2  -1.036157079373330E1   1.009536841159341E2  -1.921890244507035   1.043567318650361E1  
 1.654237500000000E7    -2.029120659376566   1.109230691284821E1  -1.045487619440692E1   1.015637666341600E2  -1.037760049307438E1   1.009002342894883E2  -1.928996015828673   1.041025489907218E1  
 1.656725000000000E7    -2.023993048880485   1.104646950438293E1  -1.046031042729101E1   1.014923986553608E2  -1.039089218512416E1   1.008179222744993E2  -1.936748806011295   1.028534074851948E1  
 1.659212500000000E7    -2.026606532603659   1.100314691181010E1  -1.047995698164154E1   1.014907305229551E2  -1.039789055344701E1   1.007968603058121E2  -1.930073958329130   1.027045114397724E1  
 1.661700000000000E7    -2.025640951777126   1.083812638232191E1  -1.048738295895534E1   1.014292024719158E2  -1.040264334719757E1   1.008288041166080E2  -1.927720084063667   1.034417544108670E1  
 1.664187500000000E7    -2.019753300796322   1.082705291038481E1  -1.049200476224247E1   1.014286040937664E2  -1.040560936944807E1   1.007917892488632E2  -1.912905667430411   1.021199572942601E1  
 1.666675000000000E7    -2.029967126368966   1.085286135753212E1  -1.050112991971160E1   1.013915252355223E2  -1.041797089425696E1   1.006634847267177E2  -1.923326957996884   1.016607955097696E1  
 1.669162500000000E7    -2.028159568739175   1.076076500817328E1  -1.051187259475312E1   1.012785991752730E2  -1.042482915361340E1   1.006432228933410E2  -1.923895440603714   1.018506252890724E1  
 1.671650000000000E7    -2.026228275650542   1.066802823346220E1  -1.052708999252857E1   1.013054551180555E2  -1.042962227855940E1   1.005862906927226E2  -1.899533093898173   1.008190990281643E1  
 1.674137500000000E7    -2.015811254727367   1.071565486303544E1  -1.053296726042933E1   1.012246099522988E2  -1.044162171950260E1   1.005948720741832E2  -1.915620510454243   1.013921084762136E1  
 1.676625000000000E7    -2.022770964423229   1.063657284255624E1  -1.054112810082248E1   1.011639129046084E2  -1.045104672398740E1   1.004835017342690E2  -1.923590141282723   9.985700498285615  
 1.679112500000000E7    -2.017173932221490   1.053827556795807E1  -1.054790944722499E1   1.011422793387186E2  -1.044921605174202E1   1.004469676315455E2  -1.905867920462496   9.918992397504411  
 1.681600000000000E7    -2.013275840417128   1.055684938249268E1  -1.055993800377284E1   1.010627051977792E2  -1.046948605274451E1   1.004238275918151E2  -1.920775056157124   9.892075732538238  
 1.684087500000000E7    -2.018342524140374   1.049687318551706E1  -1.056625565520954E1   1.009978523421089E2  -1.048294845508130E1   1.004174971125145E2  -1.927060247519476   9.914275321955696  
 1.686575000000000E7    -2.024664520630118   1.042554402143222E1  -1.057933269920406E1   1.009809565843464E2  -1.049696237530442E1   1.004119306830412E2  -1.924656623494500   9.853736882681391  
 1.689062500000000E7    -2.018472179252092   1.037907945398584E1  -1.058598073123105E1   1.008763430313973E2  -1.050531690681252E1   1.003652675923512E2  -1.911597655965318   9.773625153519847  
 1.691550000000000E7    -2.012605008652958   1.030963373649817E1  -1.060044973709018E1   1.008152978969729E2  -1.051839052179721E1   1.003514871409202E2  -1.914197214292784   9.732356623421545  
 1.694037500000000E7    -2.008738366147831   1.034385874962870E1  -1.060315261388820E1   1.007764825574582E2  -1.052860170308563E1   1.003091043624594E2  -1.915225484449996   9.663754912401567  
 1.696525000000000E7    -2.004285505486069   1.032059242826594E1  -1.061868425722001E1   1.007582889828524E2  -1.055396744880033E1   1.002938447463568E2  -1.927303926715128   9.675123164663761  
 1.699012500000000E7    -2.009043591835860   1.026908934425142E1  -1.061310417523258E1   1.006669030976154E2  -1.055445699206490E1   1.002347976309051E2  -1.917913277284528   9.614064886767526  
 1.701500000000000E7    -2.002710147901305   1.020785402417185E1  -1.063659520374357E1   1.006450426814503E2  -1.056674065665748E1   1.001703619273139E2  -1.924798446695260   9.602109454170066  
 1.703987500000000E7    -2.000426785832489   1.011559463598382E1  -1.064835307258388E1   1.006218687556866E2  -1.057887105973773E1   1.001623496389479E2  -1.911858468923429   9.538378499494529  
 1.706475000000000E7    -1.991597991003945   1.006682288014392E1  -1.066344620205527E1   1.005483530407854E2  -1.059395099358499E1   1.001778669721337E2  -1.911696253610862   9.598850219887540  
 1.708962500000000E7    -2.000413252127375   9.999844580196399    -1.067241309172161E1   1.005103940153364E2  -1.060646871062219E1   1.000684531150088E2  -1.908426842012399   9.508945179007593  
 1.711450000000000E7    -1.996397254672102   9.976012450906977    -1.068230785494381E1   1.006076375762507E2  -1.060472597732960E1   9.992834476642926E1  -1.903888894728151   9.356139731565897  
 1.713937500000000E7    -1.994130966202212   9.928441312552492    -1.068764687450768E1   1.004858956312889E2  -1.061344575993973E1   9.987489242834748E1  -1.906204943172451   9.365769178309529  
 1.716425000000000E7    -1.997485048020890   9.906018332687744    -1.070050010158882E1   1.004358047759969E2  -1.062222040909401E1   9.982550929941448E1  -1.892504771030168   9.292091057640601  
 1.718912500000000E7    -1.995416954541414   9.780059474695964    -1.071110390771917E1   1.003834789627148E2  -1.063457442519298E1   9.989025860380825E1  -1.897694088749299   9.307475853495147  
 1.721400000000000E7    -1.999405593699780   9.782980560826792    -1.071725951651863E1   1.003526259397141E2  -1.064704134511841E1   9.983559955052328E1  -1.894138883757238   9.188993954545346  
 1.723887500000000E7    -1.996479493918009   9.774788249087957    -1.073614663155357E1   1.002932431002539E2  -1.065872623153772E1   9.981490475792838E1  -1.890636176491894   9.234670845242373  
 1.726375000000000E7    -1.991822690174969   9.675591914748464    -1.073842138659711E1   1.002595757028528E2  -1.066420704432156E1   9.976246013439879E1  -1.885899685371832   9.162705489191589  
 1.728862500000000E7    -1.991960361729253   9.748580871693392    -1.074580088363086E1   1.002585398039358E2  -1.068059220734416E1   9.979831329700501E1  -1.887432258790478   9.122081890135242  
 1.731350000000000E7    -2.006013906973348   9.627957219643646    -1.076309012646142E1   1.001763065473179E2  -1.068917824385033E1   9.969874192223669E1  -1.880432325132674   9.087584759990353  
 1.733837500000000E7    -1.990658571493887   9.547663760595556    -1.076383714198261E1   1.001518948849894E2  -1.070883745217434E1   9.965121296110502E1  -1.887362156738566   8.941069690768746  
 1.736325000000000E7    -1.992851008541997   9.627121270604521    -1.077370735259522E1   1.001112077746007E2  -1.071301762645395E1   9.955643100914941E1  -1.878754735425823   8.907633275662388  
 1.738812500000000E7    -1.988221393115282   9.494973087449708    -1.078557547963116E1   1.000563888784008E2  -1.073265617605782E1   9.960095937414785E1  -1.883230821848527   8.903787359723111  
 1.741300000000000E7    -1.986805025276001   9.555505131586010    -1.078355527997270E1   1.001075022015484E2  -1.073860278382527E1   9.951449297108458E1  -1.875445478334417   8.838877031915491  
 1.743787500000000E7    -1.985806234593676   9.467723409425295    -1.079370616986906E1   1.000235680897074E2  -1.074698580744198E1   9.940013370103098E1  -1.876467384644972   8.711640541134102  
 1.746275000000000E7    -1.979580617331242   9.434720765844382    -1.080928538926031E1   9.996433385754622E1  -1.075155566541329E1   9.942405907207579E1  -1.885922131758099   8.769514986239885  
 1.748762500000000E7    -1.984667733735771   9.321589657122406    -1.082587183060666E1   9.996560718188387E1  -1.074723895655909E1   9.948611148240217E1  -1.873686744484804   8.682192931342955  
 1.751250000000000E7    -1.977808493932543   9.289645782310886    -1.083296045390399E1   9.986752170295301E1  -1.076579211510978E1   9.937459440580233E1  -1.877330430754904   8.680643700819701  
 1.753737500000000E7    -1.985290559011894   9.260642129601402    -1.084249501753911E1   9.987296298727291E1  -1.077545946499008E1   9.939415300641208E1  -1.874043319816618   8.580695685603983  
 1.756225000000000E7    -1.985609082210073   9.188209431052631    -1.084660174209342E1   9.985177756211638E1  -1.077287090040410E1   9.931538714672459E1  -1.883254396391545   8.489669242429430  
 1.758712500000000E7    -1.986914696548609   9.292935174860572    -1.086278642807215E1   9.984545243737151E1  -1.078100889995937E1   9.924107699750503E1  -1.873129050785968   8.448872950419014  
 1.761200000000000E7    -1.977639237645830   9.117487716329528    -1.086814087292621E1   9.974257862982465E1  -1.080421600246828E1   9.924580232355896E1  -1.885461910221734   8.456416608014441  
 1.763687500000000E7    -1.982529962199029   9.089230502678198    -1.088834208812309E1   9.978242907577091E1  -1.081130972622434E1   9.917510799909934E1  -1.879334951432566   8.381062004824063  
 1.766175000000000E7    -1.974496955620323   9.036278844251330    -1.088887670301997E1   9.965479555027724E1  -1.081919366065381E1   9.913314281185633E1  -1.871729761353596   8.387643060033927  
 1.768662500000000E7    -1.984690298932090   9.010701348614040    -1.090065279399864E1   9.964407862794955E1  -1.083772430422968E1   9.908965361575021E1  -1.888502961066233   8.319881026406115  
 1.771150000000000E7    -1.977344324314404   8.857899987558710    -1.091223373852130E1   9.968290330078592E1  -1.083661410286886E1   9.906040753502906E1  -1.866096172046471   8.242591544959902  
 1.773637500000000E7    -1.964682483679810   8.930800352680716    -1.092201352470639E1   9.965122739513100E1  -1.086523589694455E1   9.895278147213679E1  -1.878458540023723   8.229761797803173  
 1.776125000000000E7    -1.961956260130205   8.808440483552289    -1.093311064821332E1   9.958866592099435E1  -1.087625216614257E1   9.901376763845568E1  -1.872933463067433   8.210549413647813  
 1.778612500000000E7    -1.967230143540887   8.772513555939391    -1.094166602874781E1   9.949284349751865E1  -1.088050091149712E1   9.894015243058000E1  -1.870424306419839   8.144381706038217  
 1.781100000000000E7    -1.962990683998723   8.745561753545708    -1.094482579618130E1   9.947712008580854E1  -1.089274291033857E1   9.888136025027423E1  -1.869307022521815   8.119877852937581  
 1.783587500000000E7    -1.963901953989661   8.740584097682428    -1.096073606894678E1   9.940138725934143E1  -1.090418449064777E1   9.881980262906238E1  -1.872764482104209   8.059751077331615  
 1.786075000000000E7    -1.960393004471069   8.644541443722288    -1.097641590548539E1   9.936092893632910E1  -1.091176091572087E1   9.880483811556431E1  -1.869847457295856   8.035956603131691  
 1.788562500000000E7    -1.958607692395481   8.679649455975978    -1.098696375262819E1   9.935124842199539E1  -1.092782533151748E1   9.882100898455616E1  -1.863921706667507   8.124202242125611  
 1.791050000000000E7    -1.960964356295886   8.642616548110595    -1.100129239423218E1   9.934794123895520E1  -1.093535394729104E1   9.871706691235160E1  -1.860655221567776   8.021153670075044  
 1.793537500000000E7    -1.964694854377604   8.603207169841467    -1.100304606712364E1   9.931544092931850E1  -1.093781867000386E1   9.867653013678954E1  -1.858626929537905   7.990957148914303  
 1.796025000000000E7    -1.966928641203016   8.556524788562280    -1.102532562218799E1   9.923630298965605E1  -1.094829807415643E1   9.862868072964790E1  -1.865327383499126   7.985454612811432  
 1.798512500000000E7    -1.967423699742592   8.645882368124413    -1.102774260790301E1   9.921065040588591E1  -1.095876226246169E1   9.856257389585984E1  -1.852398842424792   7.967010260630239  
 1.801000000000000E7    -1.963293335960504   8.517785113245227    -1.104203455941060E1   9.917404886205095E1  -1.096739480424757E1   9.850058228050656E1  -1.853544287481734   7.871734301224833  
 1.803487500000000E7    -1.956157968310532   8.423907272472812    -1.105333780326353E1   9.916950999235614E1  -1.097985282467990E1   9.859514566263481E1  -1.855852749178595   7.838825316906899  
 1.805975000000000E7    -1.966158859262714   8.400995446956474    -1.105859335878562E1   9.908573784142281E1  -1.097806683680744E1   9.850814792007674E1  -1.863859108525568   7.802053140042264  
 1.808462500000000E7    -1.956271026148736   8.413462857569501    -1.107275821030314E1   9.901668616086494E1  -1.098949470880198E1   9.843311907002048E1  -1.868591965577038   7.735135285124666  
 1.810950000000000E7    -1.956241089835274   8.366544897542646    -1.107704000012129E1   9.898457948178324E1  -1.098917737607000E1   9.849749686241427E1  -1.856365118059570   7.727729669881425  
 1.813437500000000E7    -1.944781651032364   8.329330627717354    -1.108923189278094E1   9.892581500193876E1  -1.099907765515545E1   9.846216682600829E1  -1.856172910968851   7.686109352031320  
 1.815925000000000E7    -1.954873657747124   8.361615389808783    -1.109109686319573E1   9.895810596210636E1  -1.100981809576890E1   9.837967725901063E1  -1.866591179159289   7.604648017236079  
 1.818412500000000E7    -1.949653226488841   8.225243774747215    -1.110040432634396E1   9.890111484687817E1  -1.101537801974342E1   9.840420664477139E1  -1.863519024908924   7.644178936334103  
 1.820900000000000E7    -1.947327587890713   8.223704986430517    -1.111145070459889E1   9.886578275249573E1  -1.102436465322083E1   9.829074371841112E1  -1.865703108006507   7.511099901497631  
 1.823387500000000E7    -1.951081021191826   8.121875089830253    -1.112745272514065E1   9.877942949612046E1  -1.103564156198266E1   9.828737912964446E1  -1.852597942956054   7.517092855405764  
 1.825875000000000E7    -1.950724184407642   8.198048500315988    -1.112982072111517E1   9.868624523010340E1  -1.104908362225573E1   9.831569507158559E1  -1.859139514046176   7.453288982055822  
 1.828362500000000E7    -1.954784680797337   8.048464105187147    -1.114392855542165E1   9.868858643232231E1  -1.105449999033460E1   9.820137141759626E1  -1.853220372723859   7.366500476297548  
 1.830850000000000E7    -1.949075219508271   8.011802203341766    -1.115240417821888E1   9.873500183258298E1  -1.107487691273777E1   9.817722094560172E1  -1.855814753594571   7.331811944004651  
 1.833337500000000E7    -1.948677420203241   7.949308157240776    -1.115924033308414E1   9.868627559883510E1  -1.109088840474523E1   9.812576512316011E1  -1.874613090593159   7.358610157848492  
 1.835825000000000E7    -1.945550300390508   7.917014988636720    -1.116668706641223E1   9.868607915006589E1  -1.108850971643011E1   9.808485011781127E1  -1.842344474939739   7.249085306634534  
 1.838312500000000E7    -1.953756063367028   7.858227252201538    -1.117360271697331E1   9.854826304269743E1  -1.110765554468227E1   9.809751268153256E1  -1.851095090520655   7.246146322438163  
 1.840800000000000E7    -1.957003888051226   7.850127836164957    -1.118123429284593E1   9.857674232649063E1  -1.110575193198060E1   9.799101186984022E1  -1.851066086670419   7.168225816635435  
 1.843287500000000E7    -1.961612083033982   7.772244713472586    -1.119372890212098E1   9.852526976492301E1  -1.112638107882747E1   9.803840723017744E1  -1.852896655549172   7.216218873935198  
 1.845775000000000E7    -1.952415399969119   7.794063972270848    -1.120242049898645E1   9.847308957387816E1  -1.113163524543782E1   9.787317955793264E1  -1.860879725316794   7.054381633579681  
 1.848262500000000E7    -1.953988750655634   7.696434256127929    -1.121428664023211E1   9.845927185455790E1  -1.114362157464972E1   9.783359499510148E1  -1.840879070234066   7.053135257116873  
 1.850750000000000E7    -1.947894106529539   7.688138153570594    -1.121553739428950E1   9.843419647897228E1  -1.115272469814599E1   9.786363930480701E1  -1.848087382170214   7.033731079496474  
 1.853237500000000E7    -1.935769381447699   7.660828427051033    -1.122497524495676E1   9.842736908836018E1  -1.116523854731550E1   9.781616184015145E1  -1.845532949349616   7.084353192520881  
 1.855725000000000E7    -1.934443731443874   7.595151345294275    -1.123227184127875E1   9.838632196398430E1  -1.117553230759273E1   9.775749486376745E1  -1.840937003673469   6.910302593454723  
 1.858212500000000E7    -1.947047266201796   7.649276621898510    -1.125674834172564E1   9.837872448353973E1  -1.119325641380337E1   9.766417388612456E1  -1.847000185220343   6.941149979384888  
 1.860700000000000E7    -1.938025424295050   7.554664488149488    -1.125422299750308E1   9.831353893114823E1  -1.118951795640347E1   9.770959019236484E1  -1.838348480845433   6.922362955170171  
 1.863187500000000E7    -1.935629652317279   7.497072405697232    -1.126158848131720E1   9.829456477704244E1  -1.120232181082967E1   9.751899925605858E1  -1.838224952132469   6.761744696250008  
 1.865675000000000E7    -1.928412436735414   7.494289264544717    -1.127706801220803E1   9.829551239355649E1  -1.121818259998566E1   9.759191537920250E1  -1.829443295425793   6.799708999748541  
 1.868162500000000E7    -1.939923968974220   7.413643707059727    -1.128113964171759E1   9.826335548971773E1  -1.121360261480356E1   9.755240340099898E1  -1.828438747653664   6.695014469996948  
 1.870650000000000E7    -1.933539333334834   7.358016275593394    -1.129728418501884E1   9.827126854730028E1  -1.123887190544068E1   9.750970908153056E1  -1.826229452257950   6.655903889562001  
 1.873137500000000E7    -1.949917281341292   7.314858458610434    -1.130803275657655E1   9.819202625211842E1  -1.123856495786733E1   9.758426033725996E1  -1.824605342280756   6.739366563536135  
 1.875625000000000E7    -1.934072335143162   7.264935223687359    -1.131029272682540E1   9.817560367306474E1  -1.125341588689115E1   9.736943875972750E1  -1.825635102330005   6.494612679096016  
 1.878112500000000E7    -1.944914433194898   7.273657668456885    -1.132226114432115E1   9.808901037061949E1  -1.126063199825775E1   9.735771923711137E1  -1.825573738147407   6.505163734382961  
 1.880600000000000E7    -1.935813213672768   7.217483940900682    -1.133637793296547E1   9.808041892618468E1  -1.127537979974678E1   9.740217667603839E1  -1.823852337130684   6.467107352467730  
 1.883087500000000E7    -1.934513728792926   7.172915816323181    -1.134208611620664E1   9.805907221846590E1  -1.127770512346804E1   9.736884384290821E1  -1.830675499812590   6.403343430468817  
 1.885575000000000E7    -1.938247253105424   7.175334740919044    -1.136140581039436E1   9.802460727364394E1  -1.129232803560447E1   9.736220754788167E1  -1.823214030938954   6.426777747421237  
 1.888062500000000E7    -1.932843621034331   7.063358984126649    -1.137121885596804E1   9.791177556679376E1  -1.132009160132220E1   9.732446357558568E1  -1.829646876146464   6.385223341708675  
 1.890550000000000E7    -1.937400732822045   7.094951248093966    -1.139754456243817E1   9.791192192473908E1  -1.133118434648688E1   9.723400025061220E1  -1.825247122193861   6.288760177554925  
 1.893037500000000E7    -1.936045088378521   7.040951129033308    -1.141338290152736E1   9.789264315687491E1  -1.134031443947704E1   9.726229004271897E1  -1.817800172056239   6.215141967944984  
 1.895525000000000E7    -1.941355853305300   6.981334189623280    -1.142927235940016E1   9.775739694391807E1  -1.136293108911580E1   9.721427506169130E1  -1.828142066960540   6.196076615118341  
 1.898012500000000E7    -1.949932670111339   6.965148432697523    -1.145467844054236E1   9.778476038579717E1  -1.138080236046480E1   9.712599711121936E1  -1.836592398885702   6.102782613734222  
 1.900500000000000E7    -1.901256818941501   6.922084604390778    -1.137121008497412E1   9.768908480095720E1  -1.133007723112226E1   9.715319410648402E1  -1.816793761056867   6.173697334444201  
 1.902987500000000E7    -1.930862784377214   6.895677100874939    -1.146512301975785E1   9.765769253568317E1  -1.141937908008482E1   9.712596889316167E1  -1.835408138129444   6.158878875636014  
 1.905475000000000E7    -1.940655361561849   6.896579168856284    -1.149088256861344E1   9.762627370727157E1  -1.143916757365631E1   9.704003202808067E1  -1.843174262414202   6.032917711961397  
 1.907962500000000E7    -1.937326158496623   6.789418754461107    -1.149419625539901E1   9.761753183433001E1  -1.143243628999656E1   9.695517886880997E1  -1.835635903093946   5.970480944502755  
 1.910450000000000E7    -1.936885234510828   6.755782323442912    -1.149695376425308E1   9.753775872930204E1  -1.143364199248442E1   9.694614271497321E1  -1.834214363209217   5.970920280900348  
 1.912937500000000E7    -1.936873299110879   6.767104626893505    -1.150373078285358E1   9.755680380816666E1  -1.143676803347795E1   9.688606784633869E1  -1.831867638904900   5.965059898449540  
 1.915425000000000E7    -1.937868069819491   6.586820468926486    -1.149483780718018E1   9.748940268192209E1  -1.143527385389823E1   9.687750911634602E1  -1.830537741167525   5.914301240831644  
 1.917912500000000E7    -1.927229637905862   6.692830280651188    -1.150199591681444E1   9.756953943392234E1  -1.144096129215928E1   9.681256449737302E1  -1.820132824199180   5.840922555545553  
 1.920400000000000E7    -1.929478054734039   6.645807863968182    -1.150169822413004E1   9.747496905615874E1  -1.144512844932680E1   9.673921780122835E1  -1.836404160651822   5.827426845748642  
 1.922887500000000E7    -1.933401115769554   6.564278527914060    -1.150481936036921E1   9.747641774031962E1  -1.143959053334299E1   9.667891296080961E1  -1.821341942364296   5.770347472713719  
 1.925375000000000E7    -1.923150833034937   6.500610057239830    -1.150625294396692E1   9.744054494812824E1  -1.143809983001762E1   9.666364252543397E1  -1.810808794638389   5.739388387920406  
 1.927862500000000E7    -1.930460631449914   6.480518673117452    -1.151112310528105E1   9.744035887658265E1  -1.145027633612635E1   9.659541755309664E1  -1.812390663063953   5.645309031997203  
 1.930350000000000E7    -1.926774546566494   6.459055954506876    -1.152026888469660E1   9.736237855190122E1  -1.144838084672787E1   9.659723549989059E1  -1.811488375389937   5.720542419424985  
 1.932837500000000E7    -1.920421205953530   6.408435219226126    -1.152232807479333E1   9.738779255417509E1  -1.145819785828592E1   9.669360829908445E1  -1.812623879867160   5.724912807477637  
 1.935325000000000E7    -1.917683302234973   6.347345785000242    -1.152787428148320E1   9.733063762225061E1  -1.147163604643501E1   9.650051559381164E1  -1.808476862574702   5.586155485406945  
 1.937812500000000E7    -1.921726004742095   6.323101334416208    -1.155122909206730E1   9.729909099103656E1  -1.147178585491353E1   9.656620892230312E1  -1.810025607938204   5.640407121165956  
 1.940300000000000E7    -1.926866888901106   6.232013496826241    -1.156213899684661E1   9.720700480706167E1  -1.147152113635293E1   9.658805535886103E1  -1.807978722551920   5.617545935461898  
 1.942787500000000E7    -1.907570508490663   6.213490234259228    -1.156313622137549E1   9.719872438158171E1  -1.148375795888221E1   9.649511560986437E1  -1.807110646553158   5.551659420386645  
 1.945275000000000E7    -1.926176990104486   6.253973475591013    -1.156196569220290E1   9.716227361294416E1  -1.148254685442976E1   9.646988594219775E1  -1.804499991735250   5.474027621270668  
 1.947762500000000E7    -1.927431471288649   6.153743523061435    -1.157884705768247E1   9.706893321862434E1  -1.149306291740606E1   9.651551802755925E1  -1.813839586344646   5.489089734323793  
 1.950250000000000E7    -1.922537080538247   6.229044951384655    -1.159452148215275E1   9.707915657733543E1  -1.149908805144658E1   9.643953667234327E1  -1.799790577310635   5.438562393119611  
 1.952737500000000E7    -1.927345692230941   6.099611897712711    -1.159757473697102E1   9.701072716047875E1  -1.150923537782187E1   9.644123772613870E1  -1.802512930012334   5.435663957857938  
 1.955225000000000E7    -1.912421750674344   6.089906894080149    -1.160078451048552E1   9.701719432408937E1  -1.152287884455261E1   9.636761041428316E1  -1.801092383420470   5.362549526948610  
 1.957712500000000E7    -1.912469495582491   6.048742876407545    -1.160309167111980E1   9.694623098348268E1  -1.153505883346632E1   9.629858207058932E1  -1.808841770380428   5.287159241376323  
 1.960200000000000E7    -1.919421535264814   6.074230854640176    -1.162097370100923E1   9.694727680089933E1  -1.154634968333099E1   9.621663143500746E1  -1.810764792745858   5.226046816287143  
 1.962687500000000E7    -1.909414490768976   5.939351559965641    -1.162350846197116E1   9.684010511140085E1  -1.155753734570619E1   9.625768364656690E1  -1.818419327469800   5.264836656980269  
 1.965175000000000E7    -1.912283661475332   5.975288658611037    -1.163598421659139E1   9.687595421112587E1  -1.156096179779054E1   9.618065929272167E1  -1.804897798630192   5.189632535419468  
 1.967662500000000E7    -1.901461806354214   5.956417499254769    -1.163980365411712E1   9.681575678572948E1  -1.157809452866150E1   9.614257994794181E1  -1.807193338784108   5.167840849729481  
 1.970150000000000E7    -1.905098289848715   5.924308579356803    -1.165280610024100E1   9.679201478934832E1  -1.158993241711345E1   9.612167211787075E1  -1.812582157662072   5.169121385728032  
 1.972637500000000E7    -1.901314341034668   5.824939623592766    -1.166403130981440E1   9.677950867136912E1  -1.159255364968306E1   9.612581211294052E1  -1.802317516269751   5.116489757615937  
 1.975125000000000E7    -1.905018499477295   5.763173897664472    -1.166944107003893E1   9.668350437235308E1  -1.160677432475776E1   9.611907175093047E1  -1.805121068999580   5.149933713165678  
 1.977612500000000E7    -1.901400193931276   5.779631932532112    -1.167488590803620E1   9.667959702132221E1  -1.161234729953907E1   9.600330694137378E1  -1.807945494012553   5.054930148238726  
 1.980100000000000E7    -1.901481180999252   5.739219335130878    -1.169431719043450E1   9.663885014204152E1  -1.162822693144175E1   9.593470448705804E1  -1.806422150615640   4.989292261830182  
 1.982587500000000E7    -1.911672744262885   5.652574012446603    -1.170503770463230E1   9.661090811400490E1  -1.163794132387035E1   9.591723919753471E1  -1.805772428554137   5.000470898462046  
 1.985075000000000E7    -1.904177563769864   5.656448103307205    -1.170652830028966E1   9.659122396500401E1  -1.165234006441940E1   9.591000337526043E1  -1.800471220626762   4.987214107014663  
 1.987562500000000E7    -1.907994871012236   5.569474645957359    -1.171231382305273E1   9.649689487739072E1  -1.164923730767635E1   9.588137970709441E1  -1.800621539901118   4.897027654214043  
 1.990050000000000E7    -1.899901736996309   5.559567526281930    -1.172750385733688E1   9.649263197908898E1  -1.166547076101651E1   9.587467531143177E1  -1.791475176034841   4.905432421817849  
 1.992537500000000E7    -1.896984086934414   5.553681075890534    -1.173507487172466E1   9.644170817836401E1  -1.167754203214899E1   9.575251264645863E1  -1.799902782437818   4.800112751236208  
 1.995025000000000E7    -1.888243896623515   5.482086153213054    -1.174176722327286E1   9.647378225672249E1  -1.169264404229629E1   9.574805917707397E1  -1.797832547954505   4.806299762722360  
 1.997512500000000E7    -1.891057763051996   5.472323866310653    -1.175251015586899E1   9.642967900781655E1  -1.169684750679113E1   9.574553164855270E1  -1.791195653933657   4.797574836038456  
 2.000000000000000E7    -1.899805109963712   5.409096991027676    -1.177051230009400E1   9.644927634985248E1  -1.169798292712295E1   9.572739558753405E1  -1.794964200128187   4.748236498930282  
